   4.5299053e-07
   4.5299545e-07
   4.5300160e-07
   4.5300897e-07
   4.5301758e-07
   4.5302742e-07
   4.5303849e-07
   4.5305078e-07
   4.5306431e-07
   4.5307907e-07
   4.5309506e-07
   4.5311228e-07
   4.5313073e-07
   4.5315042e-07
   4.5317133e-07
   4.5319347e-07
   4.5321685e-07
   4.5324146e-07
   4.5326731e-07
   4.5329438e-07
   4.5332269e-07
   4.5335223e-07
   4.5338301e-07
   4.5341502e-07
   4.5344826e-07
   4.5348274e-07
   4.5351846e-07
   4.5355541e-07
   4.5359360e-07
   4.5363302e-07
   4.5367368e-07
   4.5371558e-07
   4.5375871e-07
   4.5380309e-07
   4.5384870e-07
   4.5389556e-07
   4.5394365e-07
   4.5399299e-07
   4.5404356e-07
   4.5409538e-07
   4.5414844e-07
   4.5420274e-07
   4.5425829e-07
   4.5431508e-07
   4.5437312e-07
   4.5443240e-07
   4.5449293e-07
   4.5455471e-07
   4.5461773e-07
   4.5468200e-07
   4.5474753e-07
   4.5481430e-07
   4.5488232e-07
   4.5495160e-07
   4.5502212e-07
   4.5509390e-07
   4.5516694e-07
   4.5524123e-07
   4.5531678e-07
   4.5539358e-07
   4.5547164e-07
   4.5555096e-07
   4.5563154e-07
   4.5571338e-07
   4.5579648e-07
   4.5588084e-07
   4.5596647e-07
   4.5605336e-07
   4.5614152e-07
   4.5623094e-07
   4.5632163e-07
   4.5641359e-07
   4.5650682e-07
   4.5660132e-07
   4.5669710e-07
   4.5679414e-07
   4.5689247e-07
   4.5699206e-07
   4.5709293e-07
   4.5719509e-07
   4.5729852e-07
   4.5740323e-07
   4.5750922e-07
   4.5761649e-07
   4.5772505e-07
   4.5783490e-07
   4.5794603e-07
   4.5805845e-07
   4.5817216e-07
   4.5828716e-07
   4.5840345e-07
   4.5852104e-07
   4.5863992e-07
   4.5876010e-07
   4.5888158e-07
   4.5900435e-07
   4.5912843e-07
   4.5925381e-07
   4.5938049e-07
   4.5950848e-07
   4.5963777e-07
   4.5976838e-07
   4.5990029e-07
   4.6003352e-07
   4.6016806e-07
   4.6030391e-07
   4.6044108e-07
   4.6057957e-07
   4.6071938e-07
   4.6086052e-07
   4.6100297e-07
   4.6114675e-07
   4.6129186e-07
   4.6143830e-07
   4.6158607e-07
   4.6173517e-07
   4.6188560e-07
   4.6203737e-07
   4.6219048e-07
   4.6234493e-07
   4.6250072e-07
   4.6265785e-07
   4.6281634e-07
   4.6297616e-07
   4.6313734e-07
   4.6329987e-07
   4.6346375e-07
   4.6362899e-07
   4.6379559e-07
   4.6396355e-07
   4.6413287e-07
   4.6430355e-07
   4.6447560e-07
   4.6464902e-07
   4.6482381e-07
   4.6499997e-07
   4.6517751e-07
   4.6535642e-07
   4.6553672e-07
   4.6571839e-07
   4.6590145e-07
   4.6608590e-07
   4.6627173e-07
   4.6645896e-07
   4.6664758e-07
   4.6683760e-07
   4.6702901e-07
   4.6722183e-07
   4.6741605e-07
   4.6761167e-07
   4.6780871e-07
   4.6800715e-07
   4.6820701e-07
   4.6840828e-07
   4.6861097e-07
   4.6881509e-07
   4.6902062e-07
   4.6922759e-07
   4.6943598e-07
   4.6964581e-07
   4.6985707e-07
   4.7006976e-07
   4.7028390e-07
   4.7049948e-07
   4.7071651e-07
   4.7093498e-07
   4.7115491e-07
   4.7137629e-07
   4.7159912e-07
   4.7182342e-07
   4.7204918e-07
   4.7227641e-07
   4.7250510e-07
   4.7273527e-07
   4.7296691e-07
   4.7320003e-07
   4.7343464e-07
   4.7367072e-07
   4.7390830e-07
   4.7414736e-07
   4.7438792e-07
   4.7462998e-07
   4.7487353e-07
   4.7511859e-07
   4.7536516e-07
   4.7561324e-07
   4.7586283e-07
   4.7611394e-07
   4.7636656e-07
   4.7662072e-07
   4.7687639e-07
   4.7713360e-07
   4.7739235e-07
   4.7765263e-07
   4.7791445e-07
   4.7817782e-07
   4.7844273e-07
   4.7870920e-07
   4.7897722e-07
   4.7924680e-07
   4.7951795e-07
   4.7979066e-07
   4.8006494e-07
   4.8034080e-07
   4.8061823e-07
   4.8089725e-07
   4.8117785e-07
   4.8146004e-07
   4.8174382e-07
   4.8202921e-07
   4.8231619e-07
   4.8260478e-07
   4.8289498e-07
   4.8318679e-07
   4.8348022e-07
   4.8377527e-07
   4.8407194e-07
   4.8437025e-07
   4.8467019e-07
   4.8497177e-07
   4.8527499e-07
   4.8557986e-07
   4.8588638e-07
   4.8619455e-07
   4.8650439e-07
   4.8681589e-07
   4.8712906e-07
   4.8744390e-07
   4.8776042e-07
   4.8807862e-07
   4.8839851e-07
   4.8872009e-07
   4.8904337e-07
   4.8936834e-07
   4.8969502e-07
   4.9002342e-07
   4.9035352e-07
   4.9068535e-07
   4.9101890e-07
   4.9135418e-07
   4.9169120e-07
   4.9202995e-07
   4.9237045e-07
   4.9271270e-07
   4.9305670e-07
   4.9340246e-07
   4.9374998e-07
   4.9409927e-07
   4.9445034e-07
   4.9480319e-07
   4.9515782e-07
   4.9551424e-07
   4.9587246e-07
   4.9623247e-07
   4.9659430e-07
   4.9695793e-07
   4.9732338e-07
   4.9769065e-07
   4.9805975e-07
   4.9843069e-07
   4.9880346e-07
   4.9917807e-07
   4.9955454e-07
   4.9993286e-07
   5.0031304e-07
   5.0069509e-07
   5.0107901e-07
   5.0146481e-07
   5.0185250e-07
   5.0224207e-07
   5.0263354e-07
   5.0302691e-07
   5.0342219e-07
   5.0381939e-07
   5.0421850e-07
   5.0461954e-07
   5.0502251e-07
   5.0542742e-07
   5.0583428e-07
   5.0624309e-07
   5.0665385e-07
   5.0706657e-07
   5.0748127e-07
   5.0789794e-07
   5.0831660e-07
   5.0873724e-07
   5.0915988e-07
   5.0958453e-07
   5.1001118e-07
   5.1043984e-07
   5.1087053e-07
   5.1130325e-07
   5.1173800e-07
   5.1217479e-07
   5.1261364e-07
   5.1305454e-07
   5.1349750e-07
   5.1394253e-07
   5.1438964e-07
   5.1483884e-07
   5.1529012e-07
   5.1574350e-07
   5.1619899e-07
   5.1665659e-07
   5.1711631e-07
   5.1757816e-07
   5.1804214e-07
   5.1850826e-07
   5.1897653e-07
   5.1944696e-07
   5.1991955e-07
   5.2039432e-07
   5.2087126e-07
   5.2135039e-07
   5.2183171e-07
   5.2231524e-07
   5.2280097e-07
   5.2328892e-07
   5.2377910e-07
   5.2427151e-07
   5.2476617e-07
   5.2526307e-07
   5.2576223e-07
   5.2626365e-07
   5.2676735e-07
   5.2727333e-07
   5.2778160e-07
   5.2829217e-07
   5.2880504e-07
   5.2932023e-07
   5.2983774e-07
   5.3035758e-07
   5.3087976e-07
   5.3140429e-07
   5.3193118e-07
   5.3246043e-07
   5.3299205e-07
   5.3352606e-07
   5.3406246e-07
   5.3460126e-07
   5.3514247e-07
   5.3568610e-07
   5.3623215e-07
   5.3678064e-07
   5.3733157e-07
   5.3788496e-07
   5.3844081e-07
   5.3899913e-07
   5.3955993e-07
   5.4012322e-07
   5.4068901e-07
   5.4125731e-07
   5.4182813e-07
   5.4240148e-07
   5.4297736e-07
   5.4355579e-07
   5.4413677e-07
   5.4472032e-07
   5.4530645e-07
   5.4589516e-07
   5.4648647e-07
   5.4708037e-07
   5.4767690e-07
   5.4827605e-07
   5.4887783e-07
   5.4948225e-07
   5.5008933e-07
   5.5069908e-07
   5.5131149e-07
   5.5192659e-07
   5.5254439e-07
   5.5316489e-07
   5.5378810e-07
   5.5441404e-07
   5.5504272e-07
   5.5567414e-07
   5.5630832e-07
   5.5694526e-07
   5.5758498e-07
   5.5822749e-07
   5.5887280e-07
   5.5952092e-07
   5.6017185e-07
   5.6082562e-07
   5.6148223e-07
   5.6214169e-07
   5.6280401e-07
   5.6346921e-07
   5.6413730e-07
   5.6480828e-07
   5.6548216e-07
   5.6615897e-07
   5.6683870e-07
   5.6752138e-07
   5.6820700e-07
   5.6889559e-07
   5.6958716e-07
   5.7028171e-07
   5.7097925e-07
   5.7167981e-07
   5.7238339e-07
   5.7308999e-07
   5.7379964e-07
   5.7451235e-07
   5.7522812e-07
   5.7594697e-07
   5.7666891e-07
   5.7739395e-07
   5.7812211e-07
   5.7885339e-07
   5.7958781e-07
   5.8032538e-07
   5.8106611e-07
   5.8181001e-07
   5.8255709e-07
   5.8330738e-07
   5.8406087e-07
   5.8481759e-07
   5.8557753e-07
   5.8634073e-07
   5.8710718e-07
   5.8787690e-07
   5.8864991e-07
   5.8942621e-07
   5.9020582e-07
   5.9098875e-07
   5.9177501e-07
   5.9256461e-07
   5.9335758e-07
   5.9415391e-07
   5.9495363e-07
   5.9575674e-07
   5.9656326e-07
   5.9737320e-07
   5.9818657e-07
   5.9900339e-07
   5.9982366e-07
   6.0064741e-07
   6.0147464e-07
   6.0230537e-07
   6.0313961e-07
   6.0397738e-07
   6.0481867e-07
   6.0566352e-07
   6.0651193e-07
   6.0736391e-07
   6.0821949e-07
   6.0907866e-07
   6.0994144e-07
   6.1080785e-07
   6.1167791e-07
   6.1255161e-07
   6.1342898e-07
   6.1431003e-07
   6.1519478e-07
   6.1608323e-07
   6.1697539e-07
   6.1787129e-07
   6.1877094e-07
   6.1967434e-07
   6.2058151e-07
   6.2149247e-07
   6.2240723e-07
   6.2332580e-07
   6.2424819e-07
   6.2517442e-07
   6.2610451e-07
   6.2703845e-07
   6.2797628e-07
   6.2891799e-07
   6.2986362e-07
   6.3081315e-07
   6.3176662e-07
   6.3272404e-07
   6.3368541e-07
   6.3465075e-07
   6.3562008e-07
   6.3659340e-07
   6.3757074e-07
   6.3855210e-07
   6.3953749e-07
   6.4052694e-07
   6.4152045e-07
   6.4251804e-07
   6.4351972e-07
   6.4452550e-07
   6.4553540e-07
   6.4654943e-07
   6.4756761e-07
   6.4858994e-07
   6.4961644e-07
   6.5064712e-07
   6.5168200e-07
   6.5272109e-07
   6.5376440e-07
   6.5481195e-07
   6.5586374e-07
   6.5691980e-07
   6.5798013e-07
   6.5904474e-07
   6.6011366e-07
   6.6118689e-07
   6.6226445e-07
   6.6334634e-07
   6.6443259e-07
   6.6552320e-07
   6.6661819e-07
   6.6771757e-07
   6.6882135e-07
   6.6992955e-07
   6.7104217e-07
   6.7215923e-07
   6.7328075e-07
   6.7440673e-07
   6.7553719e-07
   6.7667214e-07
   6.7781159e-07
   6.7895556e-07
   6.8010405e-07
   6.8125708e-07
   6.8241466e-07
   6.8357681e-07
   6.8474353e-07
   6.8591484e-07
   6.8709074e-07
   6.8827126e-07
   6.8945640e-07
   6.9064617e-07
   6.9184059e-07
   6.9303966e-07
   6.9424340e-07
   6.9545183e-07
   6.9666494e-07
   6.9788276e-07
   6.9910529e-07
   7.0033254e-07
   7.0156453e-07
   7.0280127e-07
   7.0404277e-07
   7.0528903e-07
   7.0654007e-07
   7.0779591e-07
   7.0905654e-07
   7.1032198e-07
   7.1159225e-07
   7.1286734e-07
   7.1414728e-07
   7.1543207e-07
   7.1672172e-07
   7.1801625e-07
   7.1931565e-07
   7.2061995e-07
   7.2192914e-07
   7.2324325e-07
   7.2456228e-07
   7.2588623e-07
   7.2721513e-07
   7.2854897e-07
   7.2988777e-07
   7.3123153e-07
   7.3258027e-07
   7.3393399e-07
   7.3529270e-07
   7.3665642e-07
   7.3802514e-07
   7.3939887e-07
   7.4077763e-07
   7.4216143e-07
   7.4355026e-07
   7.4494415e-07
   7.4634308e-07
   7.4774709e-07
   7.4915616e-07
   7.5057031e-07
   7.5198955e-07
   7.5341387e-07
   7.5484330e-07
   7.5627783e-07
   7.5771748e-07
   7.5916225e-07
   7.6061214e-07
   7.6206716e-07
   7.6352732e-07
   7.6499262e-07
   7.6646307e-07
   7.6793868e-07
   7.6941945e-07
   7.7090539e-07
   7.7239650e-07
   7.7389278e-07
   7.7539425e-07
   7.7690090e-07
   7.7841274e-07
   7.7992978e-07
   7.8145202e-07
   7.8297947e-07
   7.8451213e-07
   7.8604999e-07
   7.8759308e-07
   7.8914138e-07
   7.9069491e-07
   7.9225367e-07
   7.9381766e-07
   7.9538688e-07
   7.9696135e-07
   7.9854105e-07
   8.0012599e-07
   8.0171618e-07
   8.0331162e-07
   8.0491230e-07
   8.0651824e-07
   8.0812944e-07
   8.0974589e-07
   8.1136760e-07
   8.1299456e-07
   8.1462679e-07
   8.1626428e-07
   8.1790703e-07
   8.1955505e-07
   8.2120833e-07
   8.2286688e-07
   8.2453070e-07
   8.2619978e-07
   8.2787413e-07
   8.2955374e-07
   8.3123862e-07
   8.3292877e-07
   8.3462419e-07
   8.3632487e-07
   8.3803081e-07
   8.3974202e-07
   8.4145849e-07
   8.4318023e-07
   8.4490723e-07
   8.4663948e-07
   8.4837700e-07
   8.5011977e-07
   8.5186780e-07
   8.5362108e-07
   8.5537961e-07
   8.5714339e-07
   8.5891242e-07
   8.6068669e-07
   8.6246621e-07
   8.6425096e-07
   8.6604095e-07
   8.6783617e-07
   8.6963663e-07
   8.7144231e-07
   8.7325322e-07
   8.7506934e-07
   8.7689069e-07
   8.7871724e-07
   8.8054901e-07
   8.8238599e-07
   8.8422816e-07
   8.8607554e-07
   8.8792810e-07
   8.8978586e-07
   8.9164880e-07
   8.9351693e-07
   8.9539023e-07
   8.9726870e-07
   8.9915234e-07
   9.0104114e-07
   9.0293509e-07
   9.0483420e-07
   9.0673846e-07
   9.0864785e-07
   9.1056239e-07
   9.1248205e-07
   9.1440684e-07
   9.1633675e-07
   9.1827177e-07
   9.2021190e-07
   9.2215714e-07
   9.2410747e-07
   9.2606289e-07
   9.2802340e-07
   9.2998899e-07
   9.3195965e-07
   9.3393538e-07
   9.3591617e-07
   9.3790201e-07
   9.3989290e-07
   9.4188884e-07
   9.4388981e-07
   9.4589581e-07
   9.4790683e-07
   9.4992287e-07
   9.5194393e-07
   9.5396998e-07
   9.5600103e-07
   9.5803708e-07
   9.6007811e-07
   9.6212412e-07
   9.6417509e-07
   9.6623104e-07
   9.6829194e-07
   9.7035780e-07
   9.7242860e-07
   9.7450433e-07
   9.7658501e-07
   9.7867060e-07
   9.8076112e-07
   9.8285655e-07
   9.8495689e-07
   9.8706213e-07
   9.8917226e-07
   9.9128728e-07
   9.9340719e-07
   9.9553196e-07
   9.9766161e-07
   9.9979612e-07
   1.0019355e-06
   1.0040797e-06
   1.0062288e-06
   1.0083827e-06
   1.0105414e-06
   1.0127050e-06
   1.0148734e-06
   1.0170466e-06
   1.0192246e-06
   1.0214074e-06
   1.0235950e-06
   1.0257874e-06
   1.0279846e-06
   1.0301866e-06
   1.0323934e-06
   1.0346049e-06
   1.0368212e-06
   1.0390423e-06
   1.0412681e-06
   1.0434987e-06
   1.0457340e-06
   1.0479741e-06
   1.0502190e-06
   1.0524685e-06
   1.0547228e-06
   1.0569819e-06
   1.0592457e-06
   1.0615142e-06
   1.0637874e-06
   1.0660653e-06
   1.0683480e-06
   1.0706353e-06
   1.0729274e-06
   1.0752242e-06
   1.0775257e-06
   1.0798319e-06
   1.0821427e-06
   1.0844583e-06
   1.0867786e-06
   1.0891036e-06
   1.0914333e-06
   1.0937677e-06
   1.0961068e-06
   1.0984505e-06
   1.1007990e-06
   1.1031521e-06
   1.1055100e-06
   1.1078725e-06
   1.1102398e-06
   1.1126117e-06
   1.1149883e-06
   1.1173696e-06
   1.1197556e-06
   1.1221463e-06
   1.1245417e-06
   1.1269418e-06
   1.1293467e-06
   1.1317562e-06
   1.1341704e-06
   1.1365893e-06
   1.1390130e-06
   1.1414414e-06
   1.1438744e-06
   1.1463123e-06
   1.1487548e-06
   1.1512021e-06
   1.1536541e-06
   1.1561109e-06
   1.1585724e-06
   1.1610386e-06
   1.1635096e-06
   1.1659854e-06
   1.1684659e-06
   1.1709513e-06
   1.1734414e-06
   1.1759363e-06
   1.1784360e-06
   1.1809405e-06
   1.1834498e-06
   1.1859639e-06
   1.1884828e-06
   1.1910066e-06
   1.1935353e-06
   1.1960688e-06
   1.1986071e-06
   1.2011503e-06
   1.2036985e-06
   1.2062515e-06
   1.2088094e-06
   1.2113722e-06
   1.2139399e-06
   1.2165126e-06
   1.2190902e-06
   1.2216728e-06
   1.2242604e-06
   1.2268529e-06
   1.2294505e-06
   1.2320530e-06
   1.2346606e-06
   1.2372732e-06
   1.2398909e-06
   1.2425136e-06
   1.2451414e-06
   1.2477743e-06
   1.2504123e-06
   1.2530554e-06
   1.2557037e-06
   1.2583572e-06
   1.2610158e-06
   1.2636796e-06
   1.2663486e-06
   1.2690228e-06
   1.2717023e-06
   1.2743870e-06
   1.2770770e-06
   1.2797723e-06
   1.2824730e-06
   1.2851789e-06
   1.2878902e-06
   1.2906069e-06
   1.2933290e-06
   1.2960565e-06
   1.2987894e-06
   1.3015278e-06
   1.3042716e-06
   1.3070210e-06
   1.3097759e-06
   1.3125363e-06
   1.3153023e-06
   1.3180738e-06
   1.3208510e-06
   1.3236338e-06
   1.3264223e-06
   1.3292165e-06
   1.3320163e-06
   1.3348219e-06
   1.3376332e-06
   1.3404503e-06
   1.3432733e-06
   1.3461020e-06
   1.3489366e-06
   1.3517771e-06
   1.3546235e-06
   1.3574759e-06
   1.3603342e-06
   1.3631985e-06
   1.3660688e-06
   1.3689451e-06
   1.3718276e-06
   1.3747161e-06
   1.3776108e-06
   1.3805116e-06
   1.3834187e-06
   1.3863319e-06
   1.3892514e-06
   1.3921772e-06
   1.3951093e-06
   1.3980477e-06
   1.4009926e-06
   1.4039438e-06
   1.4069015e-06
   1.4098656e-06
   1.4128362e-06
   1.4158134e-06
   1.4187972e-06
   1.4217875e-06
   1.4247845e-06
   1.4277881e-06
   1.4307985e-06
   1.4338156e-06
   1.4368395e-06
   1.4398701e-06
   1.4429077e-06
   1.4459521e-06
   1.4490034e-06
   1.4520616e-06
   1.4551269e-06
   1.4581992e-06
   1.4612785e-06
   1.4643649e-06
   1.4674585e-06
   1.4705592e-06
   1.4736672e-06
   1.4767824e-06
   1.4799048e-06
   1.4830346e-06
   1.4861718e-06
   1.4893164e-06
   1.4924684e-06
   1.4956279e-06
   1.4987949e-06
   1.5019695e-06
   1.5051517e-06
   1.5083415e-06
   1.5115390e-06
   1.5147442e-06
   1.5179572e-06
   1.5211780e-06
   1.5244067e-06
   1.5276433e-06
   1.5308877e-06
   1.5341402e-06
   1.5374007e-06
   1.5406692e-06
   1.5439459e-06
   1.5472307e-06
   1.5505237e-06
   1.5538249e-06
   1.5571344e-06
   1.5604523e-06
   1.5637785e-06
   1.5671131e-06
   1.5704562e-06
   1.5738078e-06
   1.5771679e-06
   1.5805367e-06
   1.5839141e-06
   1.5873002e-06
   1.5906950e-06
   1.5940986e-06
   1.5975110e-06
   1.6009323e-06
   1.6043626e-06
   1.6078018e-06
   1.6112500e-06
   1.6147073e-06
   1.6181738e-06
   1.6216493e-06
   1.6251341e-06
   1.6286282e-06
   1.6321316e-06
   1.6356443e-06
   1.6391665e-06
   1.6426981e-06
   1.6462392e-06
   1.6497899e-06
   1.6533502e-06
   1.6569202e-06
   1.6604998e-06
   1.6640893e-06
   1.6676885e-06
   1.6712977e-06
   1.6749167e-06
   1.6785457e-06
   1.6821847e-06
   1.6858339e-06
   1.6894931e-06
   1.6931625e-06
   1.6968421e-06
   1.7005321e-06
   1.7042323e-06
   1.7079430e-06
   1.7116641e-06
   1.7153957e-06
   1.7191379e-06
   1.7228906e-06
   1.7266541e-06
   1.7304282e-06
   1.7342131e-06
   1.7380089e-06
   1.7418155e-06
   1.7456330e-06
   1.7494616e-06
   1.7533012e-06
   1.7571519e-06
   1.7610137e-06
   1.7648868e-06
   1.7687711e-06
   1.7726668e-06
   1.7765738e-06
   1.7804923e-06
   1.7844223e-06
   1.7883638e-06
   1.7923170e-06
   1.7962818e-06
   1.8002583e-06
   1.8042467e-06
   1.8082469e-06
   1.8122589e-06
   1.8162830e-06
   1.8203190e-06
   1.8243672e-06
   1.8284274e-06
   1.8324999e-06
   1.8365846e-06
   1.8406817e-06
   1.8447911e-06
   1.8489129e-06
   1.8530473e-06
   1.8571942e-06
   1.8613537e-06
   1.8655259e-06
   1.8697108e-06
   1.8739085e-06
   1.8781191e-06
   1.8823426e-06
   1.8865790e-06
   1.8908285e-06
   1.8950911e-06
   1.8993669e-06
   1.9036559e-06
   1.9079582e-06
   1.9122739e-06
   1.9166029e-06
   1.9209455e-06
   1.9253015e-06
   1.9296712e-06
   1.9340545e-06
   1.9384516e-06
   1.9428625e-06
   1.9472872e-06
   1.9517258e-06
   1.9561784e-06
   1.9606451e-06
   1.9651258e-06
   1.9696208e-06
   1.9741299e-06
   1.9786534e-06
   1.9831913e-06
   1.9877436e-06
   1.9923104e-06
   1.9968917e-06
   2.0014877e-06
   2.0060984e-06
   2.0107238e-06
   2.0153641e-06
   2.0200192e-06
   2.0246893e-06
   2.0293745e-06
   2.0340747e-06
   2.0387901e-06
   2.0435207e-06
   2.0482666e-06
   2.0530279e-06
   2.0578046e-06
   2.0625968e-06
   2.0674045e-06
   2.0722279e-06
   2.0770670e-06
   2.0819218e-06
   2.0867925e-06
   2.0916791e-06
   2.0965816e-06
   2.1015002e-06
   2.1064349e-06
   2.1113857e-06
   2.1163528e-06
   2.1213363e-06
   2.1263361e-06
   2.1313523e-06
   2.1363851e-06
   2.1414345e-06
   2.1465006e-06
   2.1515833e-06
   2.1566829e-06
   2.1617994e-06
   2.1669327e-06
   2.1720832e-06
   2.1772506e-06
   2.1824353e-06
   2.1876372e-06
   2.1928564e-06
   2.1980929e-06
   2.2033469e-06
   2.2086184e-06
   2.2139075e-06
   2.2192142e-06
   2.2245387e-06
   2.2298810e-06
   2.2352411e-06
   2.2406192e-06
   2.2460153e-06
   2.2514295e-06
   2.2568619e-06
   2.2623125e-06
   2.2677814e-06
   2.2732687e-06
   2.2787745e-06
   2.2842987e-06
   2.2898416e-06
   2.2954032e-06
   2.3009835e-06
   2.3065827e-06
   2.3122008e-06
   2.3178378e-06
   2.3234939e-06
   2.3291691e-06
   2.3348635e-06
   2.3405772e-06
   2.3463102e-06
   2.3520627e-06
   2.3578347e-06
   2.3636262e-06
   2.3694374e-06
   2.3752684e-06
   2.3811191e-06
   2.3869897e-06
   2.3928803e-06
   2.3987909e-06
   2.4047216e-06
   2.4106725e-06
   2.4166437e-06
   2.4226352e-06
   2.4286472e-06
   2.4346796e-06
   2.4407326e-06
   2.4468063e-06
   2.4529007e-06
   2.4590158e-06
   2.4651519e-06
   2.4713090e-06
   2.4774871e-06
   2.4836863e-06
   2.4899067e-06
   2.4961483e-06
   2.5024114e-06
   2.5086958e-06
   2.5150018e-06
   2.5213294e-06
   2.5276787e-06
   2.5340497e-06
   2.5404425e-06
   2.5468572e-06
   2.5532940e-06
   2.5597528e-06
   2.5662337e-06
   2.5727369e-06
   2.5792624e-06
   2.5858103e-06
   2.5923807e-06
   2.5989736e-06
   2.6055892e-06
   2.6122274e-06
   2.6188885e-06
   2.6255725e-06
   2.6322794e-06
   2.6390093e-06
   2.6457624e-06
   2.6525387e-06
   2.6593383e-06
   2.6661612e-06
   2.6730076e-06
   2.6798775e-06
   2.6867711e-06
   2.6936883e-06
   2.7006294e-06
   2.7075943e-06
   2.7145831e-06
   2.7215960e-06
   2.7286330e-06
   2.7356942e-06
   2.7427796e-06
   2.7498895e-06
   2.7570238e-06
   2.7641826e-06
   2.7713660e-06
   2.7785742e-06
   2.7858071e-06
   2.7930649e-06
   2.8003477e-06
   2.8076555e-06
   2.8149884e-06
   2.8223466e-06
   2.8297300e-06
   2.8371388e-06
   2.8445731e-06
   2.8520330e-06
   2.8595185e-06
   2.8670297e-06
   2.8745667e-06
   2.8821296e-06
   2.8897185e-06
   2.8973335e-06
   2.9049746e-06
   2.9126420e-06
   2.9203357e-06
   2.9280558e-06
   2.9358024e-06
   2.9435756e-06
   2.9513755e-06
   2.9592022e-06
   2.9670557e-06
   2.9749362e-06
   2.9828436e-06
   2.9907782e-06
   2.9987401e-06
   3.0067292e-06
   3.0147456e-06
   3.0227896e-06
   3.0308611e-06
   3.0389603e-06
   3.0470872e-06
   3.0552419e-06
   3.0634245e-06
   3.0716352e-06
   3.0798739e-06
   3.0881408e-06
   3.0964360e-06
   3.1047596e-06
   3.1131116e-06
   3.1214922e-06
   3.1299013e-06
   3.1383393e-06
   3.1468060e-06
   3.1553016e-06
   3.1638263e-06
   3.1723800e-06
   3.1809629e-06
   3.1895750e-06
   3.1982166e-06
   3.2068875e-06
   3.2155881e-06
   3.2243182e-06
   3.2330781e-06
   3.2418678e-06
   3.2506874e-06
   3.2595371e-06
   3.2684168e-06
   3.2773267e-06
   3.2862669e-06
   3.2952375e-06
   3.3042385e-06
   3.3132701e-06
   3.3223323e-06
   3.3314253e-06
   3.3405492e-06
   3.3497039e-06
   3.3588898e-06
   3.3681067e-06
   3.3773548e-06
   3.3866343e-06
   3.3959451e-06
   3.4052875e-06
   3.4146615e-06
   3.4240671e-06
   3.4335045e-06
   3.4429739e-06
   3.4524751e-06
   3.4620085e-06
   3.4715740e-06
   3.4811718e-06
   3.4908020e-06
   3.5004646e-06
   3.5101597e-06
   3.5198875e-06
   3.5296480e-06
   3.5394414e-06
   3.5492677e-06
   3.5591271e-06
   3.5690196e-06
   3.5789453e-06
   3.5889043e-06
   3.5988967e-06
   3.6089227e-06
   3.6189823e-06
   3.6290756e-06
   3.6392027e-06
   3.6493638e-06
   3.6595588e-06
   3.6697880e-06
   3.6800513e-06
   3.6903490e-06
   3.7006811e-06
   3.7110477e-06
   3.7214489e-06
   3.7318848e-06
   3.7423555e-06
   3.7528611e-06
   3.7634017e-06
   3.7739774e-06
   3.7845883e-06
   3.7952345e-06
   3.8059162e-06
   3.8166333e-06
   3.8273861e-06
   3.8381745e-06
   3.8489988e-06
   3.8598590e-06
   3.8707552e-06
   3.8816875e-06
   3.8926560e-06
   3.9036609e-06
   3.9147021e-06
   3.9257799e-06
   3.9368944e-06
   3.9480455e-06
   3.9592335e-06
   3.9704585e-06
   3.9817205e-06
   3.9930196e-06
   4.0043560e-06
   4.0157297e-06
   4.0271409e-06
   4.0385897e-06
   4.0500761e-06
   4.0616003e-06
   4.0731624e-06
   4.0847624e-06
   4.0964006e-06
   4.1080769e-06
   4.1197916e-06
   4.1315446e-06
   4.1433362e-06
   4.1551663e-06
   4.1670353e-06
   4.1789430e-06
   4.1908897e-06
   4.2028754e-06
   4.2149003e-06
   4.2269644e-06
   4.2390680e-06
   4.2512110e-06
   4.2633935e-06
   4.2756158e-06
   4.2878779e-06
   4.3001799e-06
   4.3125219e-06
   4.3249041e-06
   4.3373265e-06
   4.3497892e-06
   4.3622924e-06
   4.3748362e-06
   4.3874207e-06
   4.4000459e-06
   4.4127121e-06
   4.4254193e-06
   4.4381676e-06
   4.4509571e-06
   4.4637880e-06
   4.4766604e-06
   4.4895743e-06
   4.5025300e-06
   4.5155274e-06
   4.5285667e-06
   4.5416481e-06
   4.5547716e-06
   4.5679374e-06
   4.5811455e-06
   4.5943962e-06
   4.6076894e-06
   4.6210254e-06
   4.6344041e-06
   4.6478259e-06
   4.6612906e-06
   4.6747986e-06
   4.6883499e-06
   4.7019445e-06
   4.7155827e-06
   4.7292646e-06
   4.7429902e-06
   4.7567596e-06
   4.7705731e-06
   4.7844307e-06
   4.7983326e-06
   4.8122788e-06
   4.8262694e-06
   4.8403047e-06
   4.8543846e-06
   4.8685094e-06
   4.8826792e-06
   4.8968940e-06
   4.9111540e-06
   4.9254594e-06
   4.9398101e-06
   4.9542065e-06
   4.9686485e-06
   4.9831363e-06
   4.9976700e-06
   5.0122498e-06
   5.0268758e-06
   5.0415480e-06
   5.0562667e-06
   5.0710320e-06
   5.0858439e-06
   5.1007025e-06
   5.1156082e-06
   5.1305608e-06
   5.1455607e-06
   5.1606078e-06
   5.1757023e-06
   5.1908444e-06
   5.2060342e-06
   5.2212718e-06
   5.2365574e-06
   5.2518910e-06
   5.2672728e-06
   5.2827029e-06
   5.2981814e-06
   5.3137086e-06
   5.3292844e-06
   5.3449091e-06
   5.3605828e-06
   5.3763056e-06
   5.3920776e-06
   5.4078990e-06
   5.4237699e-06
   5.4396904e-06
   5.4556607e-06
   5.4716809e-06
   5.4877512e-06
   5.5038716e-06
   5.5200423e-06
   5.5362635e-06
   5.5525352e-06
   5.5688576e-06
   5.5852309e-06
   5.6016552e-06
   5.6181306e-06
   5.6346573e-06
   5.6512354e-06
   5.6678650e-06
   5.6845462e-06
   5.7012793e-06
   5.7180644e-06
   5.7349016e-06
   5.7517910e-06
   5.7687327e-06
   5.7857270e-06
   5.8027740e-06
   5.8198738e-06
   5.8370265e-06
   5.8542323e-06
   5.8714913e-06
   5.8888038e-06
   5.9061697e-06
   5.9235893e-06
   5.9410628e-06
   5.9585902e-06
   5.9761717e-06
   5.9938075e-06
   6.0114976e-06
   6.0292424e-06
   6.0470418e-06
   6.0648961e-06
   6.0828054e-06
   6.1007698e-06
   6.1187895e-06
   6.1368647e-06
   6.1549955e-06
   6.1731820e-06
   6.1914245e-06
   6.2097230e-06
   6.2280777e-06
   6.2464888e-06
   6.2649565e-06
   6.2834808e-06
   6.3020619e-06
   6.3207000e-06
   6.3393953e-06
   6.3581479e-06
   6.3769580e-06
   6.3958256e-06
   6.4147511e-06
   6.4337345e-06
   6.4527760e-06
   6.4718757e-06
   6.4910339e-06
   6.5102507e-06
   6.5295262e-06
   6.5488606e-06
   6.5682541e-06
   6.5877068e-06
   6.6072189e-06
   6.6267906e-06
   6.6464221e-06
   6.6661134e-06
   6.6858648e-06
   6.7056764e-06
   6.7255484e-06
   6.7454810e-06
   6.7654744e-06
   6.7855286e-06
   6.8056440e-06
   6.8258205e-06
   6.8460585e-06
   6.8663581e-06
   6.8867195e-06
   6.9071428e-06
   6.9276283e-06
   6.9481760e-06
   6.9687862e-06
   6.9894590e-06
   7.0101946e-06
   7.0309933e-06
   7.0518551e-06
   7.0727803e-06
   7.0937690e-06
   7.1148214e-06
   7.1359378e-06
   7.1571182e-06
   7.1783628e-06
   7.1996719e-06
   7.2210456e-06
   7.2424842e-06
   7.2639877e-06
   7.2855564e-06
   7.3071905e-06
   7.3288901e-06
   7.3506554e-06
   7.3724867e-06
   7.3943841e-06
   7.4163478e-06
   7.4383781e-06
   7.4604749e-06
   7.4826387e-06
   7.5048696e-06
   7.5271677e-06
   7.5495332e-06
   7.5719665e-06
   7.5944675e-06
   7.6170367e-06
   7.6396740e-06
   7.6623798e-06
   7.6851542e-06
   7.7079975e-06
   7.7309098e-06
   7.7538914e-06
   7.7769424e-06
   7.8000630e-06
   7.8232535e-06
   7.8465140e-06
   7.8698447e-06
   7.8932460e-06
   7.9167179e-06
   7.9402606e-06
   7.9638745e-06
   7.9875596e-06
   8.0113162e-06
   8.0351445e-06
   8.0590447e-06
   8.0830171e-06
   8.1070618e-06
   8.1311791e-06
   8.1553691e-06
   8.1796321e-06
   8.2039683e-06
   8.2283779e-06
   8.2528611e-06
   8.2774182e-06
   8.3020493e-06
   8.3267548e-06
   8.3515347e-06
   8.3763894e-06
   8.4013190e-06
   8.4263238e-06
   8.4514040e-06
   8.4765598e-06
   8.5017915e-06
   8.5270992e-06
   8.5524832e-06
   8.5779438e-06
   8.6034811e-06
   8.6290954e-06
   8.6547870e-06
   8.6805559e-06
   8.7064026e-06
   8.7323272e-06
   8.7583299e-06
   8.7844110e-06
   8.8105707e-06
   8.8368093e-06
   8.8631270e-06
   8.8895241e-06
   8.9160007e-06
   8.9425571e-06
   8.9691936e-06
   8.9959103e-06
   9.0227077e-06
   9.0495858e-06
   9.0765449e-06
   9.1035853e-06
   9.1307073e-06
   9.1579110e-06
   9.1851968e-06
   9.2125648e-06
   9.2400153e-06
   9.2675486e-06
   9.2951650e-06
   9.3228646e-06
   9.3506478e-06
   9.3785148e-06
   9.4064658e-06
   9.4345011e-06
   9.4626210e-06
   9.4908257e-06
   9.5191155e-06
   9.5474907e-06
   9.5759514e-06
   9.6044981e-06
   9.6331308e-06
   9.6618500e-06
   9.6906559e-06
   9.7195487e-06
   9.7485287e-06
   9.7775961e-06
   9.8067513e-06
   9.8359946e-06
   9.8653261e-06
   9.8947462e-06
   9.9242551e-06
   9.9538532e-06
   9.9835406e-06
   1.0013318e-05
   1.0043185e-05
   1.0073142e-05
   1.0103190e-05
   1.0133328e-05
   1.0163558e-05
   1.0193879e-05
   1.0224292e-05
   1.0254796e-05
   1.0285393e-05
   1.0316083e-05
   1.0346865e-05
   1.0377740e-05
   1.0408708e-05
   1.0439771e-05
   1.0470927e-05
   1.0502177e-05
   1.0533522e-05
   1.0564962e-05
   1.0596497e-05
   1.0628128e-05
   1.0659854e-05
   1.0691676e-05
   1.0723595e-05
   1.0755610e-05
   1.0787723e-05
   1.0819932e-05
   1.0852239e-05
   1.0884644e-05
   1.0917147e-05
   1.0949749e-05
   1.0982449e-05
   1.1015249e-05
   1.1048148e-05
   1.1081147e-05
   1.1114246e-05
   1.1147445e-05
   1.1180745e-05
   1.1214146e-05
   1.1247649e-05
   1.1281253e-05
   1.1314959e-05
   1.1348767e-05
   1.1382678e-05
   1.1416692e-05
   1.1450809e-05
   1.1485030e-05
   1.1519355e-05
   1.1553784e-05
   1.1588318e-05
   1.1622957e-05
   1.1657701e-05
   1.1692550e-05
   1.1727506e-05
   1.1762568e-05
   1.1797736e-05
   1.1833012e-05
   1.1868395e-05
   1.1903885e-05
   1.1939484e-05
   1.1975191e-05
   1.2011006e-05
   1.2046931e-05
   1.2082965e-05
   1.2119109e-05
   1.2155363e-05
   1.2191728e-05
   1.2228203e-05
   1.2264789e-05
   1.2301487e-05
   1.2338297e-05
   1.2375219e-05
   1.2412254e-05
   1.2449402e-05
   1.2486663e-05
   1.2524038e-05
   1.2561526e-05
   1.2599130e-05
   1.2636848e-05
   1.2674681e-05
   1.2712630e-05
   1.2750695e-05
   1.2788876e-05
   1.2827173e-05
   1.2865588e-05
   1.2904120e-05
   1.2942770e-05
   1.2981539e-05
   1.3020425e-05
   1.3059431e-05
   1.3098556e-05
   1.3137801e-05
   1.3177166e-05
   1.3216651e-05
   1.3256258e-05
   1.3295985e-05
   1.3335834e-05
   1.3375806e-05
   1.3415900e-05
   1.3456116e-05
   1.3496456e-05
   1.3536920e-05
   1.3577507e-05
   1.3618220e-05
   1.3659057e-05
   1.3700019e-05
   1.3741107e-05
   1.3782321e-05
   1.3823661e-05
   1.3865129e-05
   1.3906724e-05
   1.3948446e-05
   1.3990297e-05
   1.4032276e-05
   1.4074384e-05
   1.4116622e-05
   1.4158989e-05
   1.4201487e-05
   1.4244116e-05
   1.4286875e-05
   1.4329766e-05
   1.4372789e-05
   1.4415944e-05
   1.4459232e-05
   1.4502654e-05
   1.4546209e-05
   1.4589898e-05
   1.4633722e-05
   1.4677681e-05
   1.4721775e-05
   1.4766005e-05
   1.4810371e-05
   1.4854874e-05
   1.4899515e-05
   1.4944293e-05
   1.4989209e-05
   1.5034263e-05
   1.5079457e-05
   1.5124790e-05
   1.5170263e-05
   1.5215877e-05
   1.5261631e-05
   1.5307526e-05
   1.5353564e-05
   1.5399743e-05
   1.5446065e-05
   1.5492530e-05
   1.5539139e-05
   1.5585892e-05
   1.5632790e-05
   1.5679832e-05
   1.5727020e-05
   1.5774354e-05
   1.5821834e-05
   1.5869462e-05
   1.5917236e-05
   1.5965159e-05
   1.6013230e-05
   1.6061450e-05
   1.6109819e-05
   1.6158338e-05
   1.6207007e-05
   1.6255827e-05
   1.6304798e-05
   1.6353921e-05
   1.6403197e-05
   1.6452625e-05
   1.6502206e-05
   1.6551941e-05
   1.6601831e-05
   1.6651875e-05
   1.6702075e-05
   1.6752430e-05
   1.6802942e-05
   1.6853610e-05
   1.6904436e-05
   1.6955419e-05
   1.7006561e-05
   1.7057862e-05
   1.7109322e-05
   1.7160942e-05
   1.7212723e-05
   1.7264665e-05
   1.7316767e-05
   1.7369032e-05
   1.7421460e-05
   1.7474051e-05
   1.7526805e-05
   1.7579723e-05
   1.7632806e-05
   1.7686054e-05
   1.7739468e-05
   1.7793048e-05
   1.7846795e-05
   1.7900710e-05
   1.7954792e-05
   1.8009043e-05
   1.8063463e-05
   1.8118052e-05
   1.8172811e-05
   1.8227742e-05
   1.8282843e-05
   1.8338116e-05
   1.8393562e-05
   1.8449180e-05
   1.8504972e-05
   1.8560938e-05
   1.8617078e-05
   1.8673394e-05
   1.8729885e-05
   1.8786553e-05
   1.8843398e-05
   1.8900420e-05
   1.8957620e-05
   1.9014999e-05
   1.9072557e-05
   1.9130294e-05
   1.9188212e-05
   1.9246311e-05
   1.9304592e-05
   1.9363055e-05
   1.9421700e-05
   1.9480529e-05
   1.9539542e-05
   1.9598739e-05
   1.9658121e-05
   1.9717689e-05
   1.9777444e-05
   1.9837385e-05
   1.9897514e-05
   1.9957831e-05
   2.0018337e-05
   2.0079032e-05
   2.0139917e-05
   2.0200993e-05
   2.0262260e-05
   2.0323719e-05
   2.0385370e-05
   2.0447214e-05
   2.0509252e-05
   2.0571485e-05
   2.0633912e-05
   2.0696535e-05
   2.0759354e-05
   2.0822371e-05
   2.0885584e-05
   2.0948996e-05
   2.1012607e-05
   2.1076417e-05
   2.1140427e-05
   2.1204638e-05
   2.1269050e-05
   2.1333665e-05
   2.1398482e-05
   2.1463502e-05
   2.1528727e-05
   2.1594156e-05
   2.1659790e-05
   2.1725631e-05
   2.1791678e-05
   2.1857932e-05
   2.1924395e-05
   2.1991066e-05
   2.2057946e-05
   2.2125037e-05
   2.2192338e-05
   2.2259851e-05
   2.2327576e-05
   2.2395513e-05
   2.2463664e-05
   2.2532029e-05
   2.2600609e-05
   2.2669405e-05
   2.2738416e-05
   2.2807645e-05
   2.2877091e-05
   2.2946756e-05
   2.3016639e-05
   2.3086743e-05
   2.3157067e-05
   2.3227611e-05
   2.3298378e-05
   2.3369368e-05
   2.3440580e-05
   2.3512017e-05
   2.3583678e-05
   2.3655565e-05
   2.3727678e-05
   2.3800018e-05
   2.3872586e-05
   2.3945382e-05
   2.4018407e-05
   2.4091662e-05
   2.4165148e-05
   2.4238865e-05
   2.4312814e-05
   2.4386996e-05
   2.4461411e-05
   2.4536061e-05
   2.4610946e-05
   2.4686066e-05
   2.4761424e-05
   2.4837018e-05
   2.4912851e-05
   2.4988923e-05
   2.5065234e-05
   2.5141786e-05
   2.5218578e-05
   2.5295613e-05
   2.5372891e-05
   2.5450412e-05
   2.5528177e-05
   2.5606188e-05
   2.5684444e-05
   2.5762947e-05
   2.5841698e-05
   2.5920696e-05
   2.5999944e-05
   2.6079441e-05
   2.6159190e-05
   2.6239189e-05
   2.6319441e-05
   2.6399946e-05
   2.6480705e-05
   2.6561718e-05
   2.6642987e-05
   2.6724512e-05
   2.6806294e-05
   2.6888334e-05
   2.6970633e-05
   2.7053192e-05
   2.7136011e-05
   2.7219091e-05
   2.7302433e-05
   2.7386039e-05
   2.7469908e-05
   2.7554041e-05
   2.7638440e-05
   2.7723106e-05
   2.7808038e-05
   2.7893239e-05
   2.7978708e-05
   2.8064447e-05
   2.8150456e-05
   2.8236737e-05
   2.8323291e-05
   2.8410117e-05
   2.8497218e-05
   2.8584593e-05
   2.8672244e-05
   2.8760172e-05
   2.8848377e-05
   2.8936861e-05
   2.9025624e-05
   2.9114668e-05
   2.9203992e-05
   2.9293598e-05
   2.9383488e-05
   2.9473661e-05
   2.9564118e-05
   2.9654861e-05
   2.9745891e-05
   2.9837208e-05
   2.9928814e-05
   3.0020708e-05
   3.0112893e-05
   3.0205369e-05
   3.0298137e-05
   3.0391197e-05
   3.0484552e-05
   3.0578201e-05
   3.0672146e-05
   3.0766388e-05
   3.0860927e-05
   3.0955765e-05
   3.1050902e-05
   3.1146340e-05
   3.1242079e-05
   3.1338121e-05
   3.1434465e-05
   3.1531114e-05
   3.1628068e-05
   3.1725329e-05
