   2.7459879e-07
   2.7460179e-07
   2.7460555e-07
   2.7461005e-07
   2.7461530e-07
   2.7462130e-07
   2.7462806e-07
   2.7463556e-07
   2.7464382e-07
   2.7465282e-07
   2.7466257e-07
   2.7467308e-07
   2.7468433e-07
   2.7469634e-07
   2.7470909e-07
   2.7472260e-07
   2.7473685e-07
   2.7475186e-07
   2.7476761e-07
   2.7478412e-07
   2.7480137e-07
   2.7481937e-07
   2.7483813e-07
   2.7485763e-07
   2.7487788e-07
   2.7489888e-07
   2.7492063e-07
   2.7494313e-07
   2.7496638e-07
   2.7499038e-07
   2.7501512e-07
   2.7504062e-07
   2.7506686e-07
   2.7509386e-07
   2.7512160e-07
   2.7515009e-07
   2.7517933e-07
   2.7520931e-07
   2.7524005e-07
   2.7527153e-07
   2.7530376e-07
   2.7533674e-07
   2.7537046e-07
   2.7540494e-07
   2.7544016e-07
   2.7547612e-07
   2.7551284e-07
   2.7555030e-07
   2.7558851e-07
   2.7562746e-07
   2.7566716e-07
   2.7570761e-07
   2.7574881e-07
   2.7579075e-07
   2.7583343e-07
   2.7587686e-07
   2.7592104e-07
   2.7596596e-07
   2.7601163e-07
   2.7605805e-07
   2.7610520e-07
   2.7615311e-07
   2.7620175e-07
   2.7625115e-07
   2.7630128e-07
   2.7635216e-07
   2.7640379e-07
   2.7645615e-07
   2.7650926e-07
   2.7656312e-07
   2.7661771e-07
   2.7667305e-07
   2.7672914e-07
   2.7678596e-07
   2.7684353e-07
   2.7690184e-07
   2.7696089e-07
   2.7702068e-07
   2.7708122e-07
   2.7714249e-07
   2.7720451e-07
   2.7726726e-07
   2.7733076e-07
   2.7739500e-07
   2.7745998e-07
   2.7752569e-07
   2.7759215e-07
   2.7765935e-07
   2.7772728e-07
   2.7779596e-07
   2.7786537e-07
   2.7793552e-07
   2.7800641e-07
   2.7807804e-07
   2.7815040e-07
   2.7822351e-07
   2.7829735e-07
   2.7837192e-07
   2.7844723e-07
   2.7852328e-07
   2.7860007e-07
   2.7867759e-07
   2.7875584e-07
   2.7883484e-07
   2.7891456e-07
   2.7899502e-07
   2.7907622e-07
   2.7915815e-07
   2.7924081e-07
   2.7932421e-07
   2.7940834e-07
   2.7949320e-07
   2.7957880e-07
   2.7966513e-07
   2.7975219e-07
   2.7983998e-07
   2.7992850e-07
   2.8001776e-07
   2.8010774e-07
   2.8019846e-07
   2.8028991e-07
   2.8038208e-07
   2.8047499e-07
   2.8056862e-07
   2.8066299e-07
   2.8075808e-07
   2.8085390e-07
   2.8095045e-07
   2.8104773e-07
   2.8114574e-07
   2.8124447e-07
   2.8134393e-07
   2.8144411e-07
   2.8154503e-07
   2.8164666e-07
   2.8174903e-07
   2.8185212e-07
   2.8195593e-07
   2.8206047e-07
   2.8216573e-07
   2.8227172e-07
   2.8237842e-07
   2.8248586e-07
   2.8259401e-07
   2.8270289e-07
   2.8281249e-07
   2.8292281e-07
   2.8303386e-07
   2.8314562e-07
   2.8325810e-07
   2.8337131e-07
   2.8348524e-07
   2.8359988e-07
   2.8371525e-07
   2.8383133e-07
   2.8394813e-07
   2.8406565e-07
   2.8418389e-07
   2.8430285e-07
   2.8442252e-07
   2.8454291e-07
   2.8466402e-07
   2.8478584e-07
   2.8490838e-07
   2.8503163e-07
   2.8515560e-07
   2.8528029e-07
   2.8540568e-07
   2.8553180e-07
   2.8565862e-07
   2.8578616e-07
   2.8591441e-07
   2.8604338e-07
   2.8617305e-07
   2.8630344e-07
   2.8643454e-07
   2.8656635e-07
   2.8669887e-07
   2.8683210e-07
   2.8696604e-07
   2.8710069e-07
   2.8723605e-07
   2.8737212e-07
   2.8750890e-07
   2.8764638e-07
   2.8778458e-07
   2.8792348e-07
   2.8806308e-07
   2.8820340e-07
   2.8834442e-07
   2.8848614e-07
   2.8862857e-07
   2.8877171e-07
   2.8891555e-07
   2.8906009e-07
   2.8920534e-07
   2.8935129e-07
   2.8949794e-07
   2.8964530e-07
   2.8979336e-07
   2.8994212e-07
   2.9009158e-07
   2.9024175e-07
   2.9039261e-07
   2.9054418e-07
   2.9069644e-07
   2.9084941e-07
   2.9100307e-07
   2.9115743e-07
   2.9131250e-07
   2.9146826e-07
   2.9162471e-07
   2.9178187e-07
   2.9193972e-07
   2.9209827e-07
   2.9225751e-07
   2.9241745e-07
   2.9257809e-07
   2.9273942e-07
   2.9290145e-07
   2.9306417e-07
   2.9322758e-07
   2.9339169e-07
   2.9355649e-07
   2.9372199e-07
   2.9388818e-07
   2.9405505e-07
   2.9422263e-07
   2.9439089e-07
   2.9455984e-07
   2.9472948e-07
   2.9489982e-07
   2.9507084e-07
   2.9524256e-07
   2.9541496e-07
   2.9558805e-07
   2.9576183e-07
   2.9593630e-07
   2.9611146e-07
   2.9628730e-07
   2.9646383e-07
   2.9664105e-07
   2.9681895e-07
   2.9699754e-07
   2.9717682e-07
   2.9735678e-07
   2.9753743e-07
   2.9771876e-07
   2.9790077e-07
   2.9808347e-07
   2.9826685e-07
   2.9845092e-07
   2.9863566e-07
   2.9882109e-07
   2.9900721e-07
   2.9919400e-07
   2.9938148e-07
   2.9956963e-07
   2.9975847e-07
   2.9994799e-07
   3.0013819e-07
   3.0032907e-07
   3.0052063e-07
   3.0071286e-07
   3.0090578e-07
   3.0109937e-07
   3.0129365e-07
   3.0148860e-07
   3.0168422e-07
   3.0188053e-07
   3.0207751e-07
   3.0227517e-07
   3.0247350e-07
   3.0267252e-07
   3.0287220e-07
   3.0307256e-07
   3.0327360e-07
   3.0347531e-07
   3.0367770e-07
   3.0388076e-07
   3.0408449e-07
   3.0428890e-07
   3.0449398e-07
   3.0469974e-07
   3.0490616e-07
   3.0511326e-07
   3.0532103e-07
   3.0552948e-07
   3.0573859e-07
   3.0594838e-07
   3.0615884e-07
   3.0636996e-07
   3.0658176e-07
   3.0679423e-07
   3.0700737e-07
   3.0722118e-07
   3.0743566e-07
   3.0765080e-07
   3.0786662e-07
   3.0808310e-07
   3.0830026e-07
   3.0851808e-07
   3.0873656e-07
   3.0895572e-07
   3.0917555e-07
   3.0939604e-07
   3.0961719e-07
   3.0983902e-07
   3.1006151e-07
   3.1028467e-07
   3.1050849e-07
   3.1073298e-07
   3.1095814e-07
   3.1118396e-07
   3.1141044e-07
   3.1163759e-07
   3.1186541e-07
   3.1209389e-07
   3.1232303e-07
   3.1255284e-07
   3.1278332e-07
   3.1301445e-07
   3.1324625e-07
   3.1347872e-07
   3.1371184e-07
   3.1394563e-07
   3.1418008e-07
   3.1441520e-07
   3.1465098e-07
   3.1488742e-07
   3.1512452e-07
   3.1536228e-07
   3.1560071e-07
   3.1583980e-07
   3.1607955e-07
   3.1631996e-07
   3.1656103e-07
   3.1680276e-07
   3.1704516e-07
   3.1728821e-07
   3.1753193e-07
   3.1777630e-07
   3.1802134e-07
   3.1826704e-07
   3.1851339e-07
   3.1876041e-07
   3.1900809e-07
   3.1925642e-07
   3.1950542e-07
   3.1975508e-07
   3.2000539e-07
   3.2025637e-07
   3.2050800e-07
   3.2076030e-07
   3.2101325e-07
   3.2126686e-07
   3.2152113e-07
   3.2177607e-07
   3.2203165e-07
   3.2228790e-07
   3.2254481e-07
   3.2280238e-07
   3.2306060e-07
   3.2331948e-07
   3.2357902e-07
   3.2383922e-07
   3.2410008e-07
   3.2436160e-07
   3.2462377e-07
   3.2488661e-07
   3.2515010e-07
   3.2541425e-07
   3.2567906e-07
   3.2594452e-07
   3.2621065e-07
   3.2647743e-07
   3.2674487e-07
   3.2701297e-07
   3.2728173e-07
   3.2755114e-07
   3.2782122e-07
   3.2809195e-07
   3.2836334e-07
   3.2863539e-07
   3.2890810e-07
   3.2918146e-07
   3.2945549e-07
   3.2973017e-07
   3.3000551e-07
   3.3028151e-07
   3.3055817e-07
   3.3083548e-07
   3.3111346e-07
   3.3139209e-07
   3.3167138e-07
   3.3195133e-07
   3.3223195e-07
   3.3251321e-07
   3.3279514e-07
   3.3307773e-07
   3.3336098e-07
   3.3364488e-07
   3.3392945e-07
   3.3421467e-07
   3.3450056e-07
   3.3478710e-07
   3.3507431e-07
   3.3536217e-07
   3.3565069e-07
   3.3593988e-07
   3.3622972e-07
   3.3652023e-07
   3.3681139e-07
   3.3710322e-07
   3.3739571e-07
   3.3768886e-07
   3.3798267e-07
   3.3827714e-07
   3.3857227e-07
   3.3886806e-07
   3.3916452e-07
   3.3946164e-07
   3.3975942e-07
   3.4005786e-07
   3.4035696e-07
   3.4065673e-07
   3.4095716e-07
   3.4125826e-07
   3.4156001e-07
   3.4186243e-07
   3.4216552e-07
   3.4246927e-07
   3.4277368e-07
   3.4307875e-07
   3.4338449e-07
   3.4369090e-07
   3.4399797e-07
   3.4430571e-07
   3.4461411e-07
   3.4492318e-07
   3.4523291e-07
   3.4554331e-07
   3.4585437e-07
   3.4616611e-07
   3.4647851e-07
   3.4679157e-07
   3.4710531e-07
   3.4741971e-07
   3.4773478e-07
   3.4805052e-07
   3.4836693e-07
   3.4868400e-07
   3.4900175e-07
   3.4932017e-07
   3.4963925e-07
   3.4995901e-07
   3.5027943e-07
   3.5060053e-07
   3.5092230e-07
   3.5124474e-07
   3.5156785e-07
   3.5189163e-07
   3.5221609e-07
   3.5254121e-07
   3.5286702e-07
   3.5319349e-07
   3.5352064e-07
   3.5384846e-07
   3.5417696e-07
   3.5450613e-07
   3.5483598e-07
   3.5516650e-07
   3.5549770e-07
   3.5582958e-07
   3.5616213e-07
   3.5649536e-07
   3.5682926e-07
   3.5716385e-07
   3.5749911e-07
   3.5783505e-07
   3.5817168e-07
   3.5850898e-07
   3.5884696e-07
   3.5918562e-07
   3.5952496e-07
   3.5986498e-07
   3.6020568e-07
   3.6054707e-07
   3.6088914e-07
   3.6123189e-07
   3.6157533e-07
   3.6191945e-07
   3.6226425e-07
   3.6260974e-07
   3.6295591e-07
   3.6330277e-07
   3.6365031e-07
   3.6399854e-07
   3.6434746e-07
   3.6469707e-07
   3.6504736e-07
   3.6539834e-07
   3.6575002e-07
   3.6610238e-07
   3.6645543e-07
   3.6680917e-07
   3.6716360e-07
   3.6751872e-07
   3.6787454e-07
   3.6823105e-07
   3.6858825e-07
   3.6894614e-07
   3.6930473e-07
   3.6966401e-07
   3.7002399e-07
   3.7038466e-07
   3.7074603e-07
   3.7110810e-07
   3.7147086e-07
   3.7183433e-07
   3.7219849e-07
   3.7256334e-07
   3.7292890e-07
   3.7329516e-07
   3.7366212e-07
   3.7402978e-07
   3.7439814e-07
   3.7476720e-07
   3.7513697e-07
   3.7550744e-07
   3.7587861e-07
   3.7625049e-07
   3.7662308e-07
   3.7699637e-07
   3.7737036e-07
   3.7774507e-07
   3.7812048e-07
   3.7849659e-07
   3.7887342e-07
   3.7925096e-07
   3.7962921e-07
   3.8000816e-07
   3.8038783e-07
   3.8076821e-07
   3.8114931e-07
   3.8153112e-07
   3.8191364e-07
   3.8229687e-07
   3.8268082e-07
   3.8306549e-07
   3.8345087e-07
   3.8383697e-07
   3.8422379e-07
   3.8461132e-07
   3.8499958e-07
   3.8538855e-07
   3.8577825e-07
   3.8616866e-07
   3.8655980e-07
   3.8695166e-07
   3.8734424e-07
   3.8773755e-07
   3.8813158e-07
   3.8852634e-07
   3.8892182e-07
   3.8931803e-07
   3.8971496e-07
   3.9011263e-07
   3.9051102e-07
   3.9091014e-07
   3.9131000e-07
   3.9171058e-07
   3.9211189e-07
   3.9251394e-07
   3.9291672e-07
   3.9332023e-07
   3.9372448e-07
   3.9412946e-07
   3.9453518e-07
   3.9494164e-07
   3.9534883e-07
   3.9575676e-07
   3.9616543e-07
   3.9657484e-07
   3.9698499e-07
   3.9739588e-07
   3.9780751e-07
   3.9821989e-07
   3.9863301e-07
   3.9904687e-07
   3.9946148e-07
   3.9987683e-07
   4.0029293e-07
   4.0070978e-07
   4.0112737e-07
   4.0154572e-07
   4.0196481e-07
   4.0238466e-07
   4.0280525e-07
   4.0322660e-07
   4.0364870e-07
   4.0407155e-07
   4.0449516e-07
   4.0491952e-07
   4.0534464e-07
   4.0577052e-07
   4.0619715e-07
   4.0662454e-07
   4.0705270e-07
   4.0748161e-07
   4.0791128e-07
   4.0834171e-07
   4.0877291e-07
   4.0920487e-07
   4.0963759e-07
   4.1007108e-07
   4.1050534e-07
   4.1094036e-07
   4.1137615e-07
   4.1181271e-07
   4.1225003e-07
   4.1268813e-07
   4.1312700e-07
   4.1356664e-07
   4.1400705e-07
   4.1444824e-07
   4.1489020e-07
   4.1533294e-07
   4.1577645e-07
   4.1622074e-07
   4.1666581e-07
   4.1711165e-07
   4.1755828e-07
   4.1800568e-07
   4.1845387e-07
   4.1890284e-07
   4.1935260e-07
   4.1980313e-07
   4.2025446e-07
   4.2070656e-07
   4.2115946e-07
   4.2161314e-07
   4.2206761e-07
   4.2252288e-07
   4.2297893e-07
   4.2343577e-07
   4.2389341e-07
   4.2435183e-07
   4.2481106e-07
   4.2527107e-07
   4.2573189e-07
   4.2619350e-07
   4.2665591e-07
   4.2711911e-07
   4.2758312e-07
   4.2804793e-07
   4.2851353e-07
   4.2897995e-07
   4.2944716e-07
   4.2991518e-07
   4.3038400e-07
   4.3085363e-07
   4.3132407e-07
   4.3179532e-07
   4.3226737e-07
   4.3274024e-07
   4.3321391e-07
   4.3368840e-07
   4.3416370e-07
   4.3463982e-07
   4.3511675e-07
   4.3559449e-07
   4.3607306e-07
   4.3655244e-07
   4.3703264e-07
   4.3751366e-07
   4.3799550e-07
   4.3847816e-07
   4.3896165e-07
   4.3944595e-07
   4.3993109e-07
   4.4041705e-07
   4.4090383e-07
   4.4139145e-07
   4.4187989e-07
   4.4236916e-07
   4.4285927e-07
   4.4335020e-07
   4.4384197e-07
   4.4433457e-07
   4.4482801e-07
   4.4532228e-07
   4.4581739e-07
   4.4631334e-07
   4.4681012e-07
   4.4730775e-07
   4.4780622e-07
   4.4830553e-07
   4.4880568e-07
   4.4930668e-07
   4.4980852e-07
   4.5031121e-07
   4.5081474e-07
   4.5131912e-07
   4.5182436e-07
   4.5233044e-07
   4.5283738e-07
   4.5334516e-07
   4.5385381e-07
   4.5436330e-07
   4.5487365e-07
   4.5538486e-07
   4.5589693e-07
   4.5640985e-07
   4.5692364e-07
   4.5743829e-07
   4.5795380e-07
   4.5847017e-07
   4.5898740e-07
   4.5950551e-07
   4.6002447e-07
   4.6054431e-07
   4.6106502e-07
   4.6158659e-07
   4.6210904e-07
   4.6263235e-07
   4.6315654e-07
   4.6368161e-07
   4.6420755e-07
   4.6473437e-07
   4.6526206e-07
   4.6579063e-07
   4.6632009e-07
   4.6685042e-07
   4.6738164e-07
   4.6791374e-07
   4.6844672e-07
   4.6898059e-07
   4.6951534e-07
   4.7005099e-07
   4.7058752e-07
   4.7112494e-07
   4.7166326e-07
   4.7220246e-07
   4.7274256e-07
   4.7328355e-07
   4.7382544e-07
   4.7436823e-07
   4.7491192e-07
   4.7545650e-07
   4.7600198e-07
   4.7654837e-07
   4.7709566e-07
   4.7764385e-07
   4.7819295e-07
   4.7874295e-07
   4.7929386e-07
   4.7984568e-07
   4.8039841e-07
   4.8095205e-07
   4.8150661e-07
   4.8206207e-07
   4.8261845e-07
   4.8317575e-07
   4.8373396e-07
   4.8429310e-07
   4.8485315e-07
   4.8541412e-07
   4.8597601e-07
   4.8653883e-07
   4.8710257e-07
   4.8766724e-07
   4.8823283e-07
   4.8879935e-07
   4.8936680e-07
   4.8993518e-07
   4.9050450e-07
   4.9107474e-07
   4.9164592e-07
   4.9221804e-07
   4.9279109e-07
   4.9336508e-07
   4.9394000e-07
   4.9451587e-07
   4.9509268e-07
   4.9567044e-07
   4.9624913e-07
   4.9682878e-07
   4.9740937e-07
   4.9799090e-07
   4.9857339e-07
   4.9915683e-07
   4.9974122e-07
   5.0032656e-07
   5.0091285e-07
   5.0150010e-07
   5.0208831e-07
   5.0267748e-07
   5.0326761e-07
   5.0385869e-07
   5.0445074e-07
   5.0504375e-07
   5.0563773e-07
   5.0623268e-07
   5.0682859e-07
   5.0742547e-07
   5.0802331e-07
   5.0862213e-07
   5.0922193e-07
   5.0982270e-07
   5.1042444e-07
   5.1102716e-07
   5.1163085e-07
   5.1223553e-07
   5.1284119e-07
   5.1344783e-07
   5.1405545e-07
   5.1466406e-07
   5.1527365e-07
   5.1588423e-07
   5.1649580e-07
   5.1710836e-07
   5.1772191e-07
   5.1833645e-07
   5.1895199e-07
   5.1956853e-07
   5.2018606e-07
   5.2080459e-07
   5.2142411e-07
   5.2204465e-07
   5.2266618e-07
   5.2328872e-07
   5.2391226e-07
   5.2453681e-07
   5.2516236e-07
   5.2578893e-07
   5.2641651e-07
   5.2704510e-07
   5.2767471e-07
   5.2830532e-07
   5.2893696e-07
   5.2956962e-07
   5.3020329e-07
   5.3083799e-07
   5.3147370e-07
   5.3211045e-07
   5.3274821e-07
   5.3338701e-07
   5.3402683e-07
   5.3466768e-07
   5.3530957e-07
   5.3595248e-07
   5.3659643e-07
   5.3724142e-07
   5.3788744e-07
   5.3853450e-07
   5.3918261e-07
   5.3983175e-07
   5.4048194e-07
   5.4113317e-07
   5.4178545e-07
   5.4243877e-07
   5.4309314e-07
   5.4374857e-07
   5.4440505e-07
   5.4506258e-07
   5.4572116e-07
   5.4638080e-07
   5.4704150e-07
   5.4770326e-07
   5.4836608e-07
   5.4902997e-07
   5.4969492e-07
   5.5036093e-07
   5.5102801e-07
   5.5169616e-07
   5.5236538e-07
   5.5303568e-07
   5.5370704e-07
   5.5437949e-07
   5.5505301e-07
   5.5572760e-07
   5.5640328e-07
   5.5708004e-07
   5.5775788e-07
   5.5843681e-07
   5.5911682e-07
   5.5979792e-07
   5.6048011e-07
   5.6116340e-07
   5.6184777e-07
   5.6253324e-07
   5.6321980e-07
   5.6390747e-07
   5.6459623e-07
   5.6528609e-07
   5.6597706e-07
   5.6666913e-07
   5.6736230e-07
   5.6805658e-07
   5.6875198e-07
   5.6944848e-07
   5.7014609e-07
   5.7084482e-07
   5.7154467e-07
   5.7224563e-07
   5.7294771e-07
   5.7365091e-07
   5.7435524e-07
   5.7506069e-07
   5.7576726e-07
   5.7647496e-07
   5.7718379e-07
   5.7789376e-07
   5.7860485e-07
   5.7931708e-07
   5.8003045e-07
   5.8074495e-07
   5.8146059e-07
   5.8217738e-07
   5.8289530e-07
   5.8361438e-07
   5.8433459e-07
   5.8505596e-07
   5.8577848e-07
   5.8650214e-07
   5.8722697e-07
   5.8795294e-07
   5.8868008e-07
   5.8940837e-07
   5.9013782e-07
   5.9086844e-07
   5.9160022e-07
   5.9233316e-07
   5.9306728e-07
   5.9380256e-07
   5.9453901e-07
   5.9527664e-07
   5.9601544e-07
   5.9675542e-07
   5.9749658e-07
   5.9823892e-07
   5.9898244e-07
   5.9972715e-07
   6.0047304e-07
   6.0122011e-07
   6.0196838e-07
   6.0271784e-07
   6.0346849e-07
   6.0422034e-07
   6.0497339e-07
   6.0572763e-07
   6.0648308e-07
   6.0723972e-07
   6.0799757e-07
   6.0875663e-07
   6.0951690e-07
   6.1027838e-07
   6.1104107e-07
   6.1180497e-07
   6.1257009e-07
   6.1333643e-07
   6.1410398e-07
   6.1487276e-07
   6.1564276e-07
   6.1641399e-07
   6.1718645e-07
   6.1796013e-07
   6.1873505e-07
   6.1951120e-07
   6.2028859e-07
   6.2106721e-07
   6.2184707e-07
   6.2262817e-07
   6.2341052e-07
   6.2419411e-07
   6.2497895e-07
   6.2576504e-07
   6.2655238e-07
   6.2734097e-07
   6.2813082e-07
   6.2892193e-07
   6.2971429e-07
   6.3050792e-07
   6.3130281e-07
   6.3209896e-07
   6.3289638e-07
   6.3369508e-07
   6.3449504e-07
   6.3529628e-07
   6.3609879e-07
   6.3690258e-07
   6.3770765e-07
   6.3851400e-07
   6.3932163e-07
   6.4013056e-07
   6.4094077e-07
   6.4175227e-07
   6.4256506e-07
   6.4337914e-07
   6.4419453e-07
   6.4501121e-07
   6.4582919e-07
   6.4664847e-07
   6.4746906e-07
   6.4829096e-07
   6.4911417e-07
   6.4993869e-07
   6.5076452e-07
   6.5159166e-07
   6.5242013e-07
   6.5324991e-07
   6.5408102e-07
   6.5491345e-07
   6.5574721e-07
   6.5658230e-07
   6.5741871e-07
   6.5825646e-07
   6.5909555e-07
   6.5993597e-07
   6.6077774e-07
   6.6162084e-07
   6.6246529e-07
   6.6331109e-07
   6.6415823e-07
   6.6500673e-07
   6.6585657e-07
   6.6670778e-07
   6.6756034e-07
   6.6841426e-07
   6.6926954e-07
   6.7012619e-07
   6.7098421e-07
   6.7184359e-07
   6.7270434e-07
   6.7356647e-07
   6.7442998e-07
   6.7529486e-07
   6.7616112e-07
   6.7702877e-07
   6.7789780e-07
   6.7876822e-07
   6.7964002e-07
   6.8051322e-07
   6.8138782e-07
   6.8226381e-07
   6.8314120e-07
   6.8401999e-07
   6.8490019e-07
   6.8578179e-07
   6.8666480e-07
   6.8754922e-07
   6.8843506e-07
   6.8932231e-07
   6.9021098e-07
   6.9110107e-07
   6.9199258e-07
   6.9288552e-07
   6.9377988e-07
   6.9467568e-07
   6.9557291e-07
   6.9647157e-07
   6.9737167e-07
   6.9827321e-07
   6.9917620e-07
   7.0008062e-07
   7.0098650e-07
   7.0189383e-07
   7.0280260e-07
   7.0371284e-07
   7.0462453e-07
   7.0553768e-07
   7.0645229e-07
   7.0736837e-07
   7.0828591e-07
   7.0920492e-07
   7.1012541e-07
   7.1104737e-07
   7.1197081e-07
   7.1289573e-07
   7.1382213e-07
   7.1475002e-07
   7.1567939e-07
   7.1661025e-07
   7.1754261e-07
   7.1847646e-07
   7.1941181e-07
   7.2034866e-07
   7.2128702e-07
   7.2222687e-07
   7.2316824e-07
   7.2411112e-07
   7.2505551e-07
   7.2600142e-07
   7.2694885e-07
   7.2789779e-07
   7.2884827e-07
   7.2980026e-07
   7.3075379e-07
   7.3170885e-07
   7.3266545e-07
   7.3362358e-07
   7.3458325e-07
   7.3554446e-07
   7.3650722e-07
   7.3747153e-07
   7.3843739e-07
   7.3940480e-07
   7.4037377e-07
   7.4134430e-07
   7.4231638e-07
   7.4329004e-07
   7.4426526e-07
   7.4524205e-07
   7.4622041e-07
   7.4720035e-07
   7.4818186e-07
   7.4916496e-07
   7.5014964e-07
   7.5113591e-07
   7.5212376e-07
   7.5311321e-07
   7.5410425e-07
   7.5509689e-07
   7.5609113e-07
   7.5708698e-07
   7.5808443e-07
   7.5908349e-07
   7.6008416e-07
   7.6108644e-07
   7.6209034e-07
   7.6309587e-07
   7.6410301e-07
   7.6511178e-07
   7.6612218e-07
   7.6713421e-07
   7.6814788e-07
   7.6916319e-07
   7.7018013e-07
   7.7119872e-07
   7.7221895e-07
   7.7324084e-07
   7.7426437e-07
   7.7528956e-07
   7.7631641e-07
   7.7734492e-07
   7.7837509e-07
   7.7940693e-07
   7.8044044e-07
   7.8147562e-07
   7.8251248e-07
   7.8355102e-07
   7.8459124e-07
   7.8563314e-07
   7.8667673e-07
   7.8772201e-07
   7.8876899e-07
   7.8981766e-07
   7.9086803e-07
   7.9192010e-07
   7.9297388e-07
   7.9402937e-07
   7.9508657e-07
   7.9614549e-07
   7.9720612e-07
   7.9826848e-07
   7.9933256e-07
   8.0039836e-07
   8.0146590e-07
   8.0253517e-07
   8.0360618e-07
   8.0467892e-07
   8.0575341e-07
   8.0682965e-07
   8.0790763e-07
   8.0898737e-07
   8.1006886e-07
   8.1115211e-07
   8.1223712e-07
   8.1332390e-07
   8.1441244e-07
   8.1550276e-07
   8.1659485e-07
   8.1768872e-07
   8.1878437e-07
   8.1988180e-07
   8.2098102e-07
   8.2208203e-07
   8.2318484e-07
   8.2428944e-07
   8.2539584e-07
   8.2650404e-07
   8.2761405e-07
   8.2872587e-07
   8.2983951e-07
   8.3095496e-07
   8.3207223e-07
   8.3319132e-07
   8.3431224e-07
   8.3543499e-07
   8.3655958e-07
   8.3768600e-07
   8.3881425e-07
   8.3994436e-07
   8.4107630e-07
   8.4221010e-07
   8.4334575e-07
   8.4448326e-07
   8.4562262e-07
   8.4676385e-07
   8.4790695e-07
   8.4905191e-07
   8.5019875e-07
   8.5134747e-07
   8.5249807e-07
   8.5365054e-07
   8.5480491e-07
   8.5596117e-07
   8.5711932e-07
   8.5827936e-07
   8.5944131e-07
   8.6060517e-07
   8.6177092e-07
   8.6293860e-07
   8.6410818e-07
   8.6527969e-07
   8.6645311e-07
   8.6762846e-07
   8.6880574e-07
   8.6998495e-07
   8.7116610e-07
   8.7234918e-07
   8.7353421e-07
   8.7472119e-07
   8.7591011e-07
   8.7710099e-07
   8.7829382e-07
   8.7948862e-07
   8.8068538e-07
   8.8188410e-07
   8.8308480e-07
   8.8428748e-07
   8.8549213e-07
   8.8669876e-07
   8.8790738e-07
   8.8911799e-07
   8.9033059e-07
   8.9154519e-07
   8.9276179e-07
   8.9398040e-07
   8.9520101e-07
   8.9642363e-07
   8.9764827e-07
   8.9887492e-07
   9.0010360e-07
   9.0133431e-07
   9.0256704e-07
   9.0380181e-07
   9.0503862e-07
   9.0627747e-07
   9.0751836e-07
   9.0876130e-07
   9.1000629e-07
   9.1125334e-07
   9.1250245e-07
   9.1375362e-07
   9.1500687e-07
   9.1626218e-07
   9.1751957e-07
   9.1877903e-07
   9.2004058e-07
   9.2130422e-07
   9.2256994e-07
   9.2383777e-07
   9.2510768e-07
   9.2637971e-07
   9.2765383e-07
   9.2893007e-07
   9.3020842e-07
   9.3148889e-07
   9.3277148e-07
   9.3405620e-07
   9.3534304e-07
   9.3663202e-07
   9.3792314e-07
   9.3921640e-07
   9.4051180e-07
   9.4180935e-07
   9.4310905e-07
   9.4441092e-07
   9.4571494e-07
   9.4702113e-07
   9.4832949e-07
   9.4964002e-07
   9.5095272e-07
   9.5226761e-07
   9.5358469e-07
   9.5490395e-07
   9.5622541e-07
   9.5754906e-07
   9.5887492e-07
   9.6020298e-07
   9.6153325e-07
   9.6286573e-07
   9.6420044e-07
   9.6553736e-07
   9.6687651e-07
   9.6821789e-07
   9.6956151e-07
   9.7090736e-07
   9.7225546e-07
   9.7360580e-07
   9.7495840e-07
   9.7631325e-07
   9.7767036e-07
   9.7902973e-07
   9.8039137e-07
   9.8175528e-07
   9.8312147e-07
   9.8448994e-07
   9.8586069e-07
   9.8723373e-07
   9.8860907e-07
   9.8998670e-07
   9.9136664e-07
   9.9274888e-07
   9.9413343e-07
   9.9552029e-07
   9.9690948e-07
   9.9830099e-07
   9.9969482e-07
   1.0010910e-06
   1.0024895e-06
   1.0038903e-06
   1.0052935e-06
   1.0066991e-06
   1.0081070e-06
   1.0095172e-06
   1.0109298e-06
   1.0123448e-06
   1.0137622e-06
   1.0151819e-06
   1.0166040e-06
   1.0180285e-06
   1.0194554e-06
   1.0208846e-06
   1.0223163e-06
   1.0237504e-06
   1.0251869e-06
   1.0266258e-06
   1.0280671e-06
   1.0295108e-06
   1.0309570e-06
   1.0324055e-06
   1.0338566e-06
   1.0353100e-06
   1.0367659e-06
   1.0382243e-06
   1.0396851e-06
   1.0411483e-06
   1.0426140e-06
   1.0440822e-06
   1.0455529e-06
   1.0470260e-06
   1.0485016e-06
   1.0499797e-06
   1.0514603e-06
   1.0529434e-06
   1.0544290e-06
   1.0559170e-06
   1.0574076e-06
   1.0589007e-06
   1.0603964e-06
   1.0618945e-06
   1.0633952e-06
   1.0648984e-06
   1.0664041e-06
   1.0679124e-06
   1.0694232e-06
   1.0709366e-06
   1.0724525e-06
   1.0739710e-06
   1.0754921e-06
   1.0770157e-06
   1.0785419e-06
   1.0800707e-06
   1.0816020e-06
   1.0831360e-06
   1.0846725e-06
   1.0862117e-06
   1.0877534e-06
   1.0892978e-06
   1.0908448e-06
   1.0923943e-06
   1.0939466e-06
   1.0955014e-06
   1.0970589e-06
   1.0986190e-06
   1.1001818e-06
   1.1017472e-06
   1.1033152e-06
   1.1048859e-06
   1.1064593e-06
   1.1080354e-06
   1.1096141e-06
   1.1111955e-06
   1.1127796e-06
   1.1143664e-06
   1.1159558e-06
   1.1175480e-06
   1.1191429e-06
   1.1207404e-06
   1.1223407e-06
   1.1239437e-06
   1.1255495e-06
   1.1271579e-06
   1.1287691e-06
   1.1303831e-06
   1.1319998e-06
   1.1336192e-06
   1.1352414e-06
   1.1368663e-06
   1.1384940e-06
   1.1401245e-06
   1.1417578e-06
   1.1433938e-06
   1.1450327e-06
   1.1466743e-06
   1.1483187e-06
   1.1499659e-06
   1.1516159e-06
   1.1532688e-06
   1.1549244e-06
   1.1565829e-06
   1.1582442e-06
   1.1599084e-06
   1.1615754e-06
   1.1632452e-06
   1.1649179e-06
   1.1665934e-06
   1.1682718e-06
   1.1699531e-06
   1.1716372e-06
   1.1733242e-06
   1.1750141e-06
   1.1767069e-06
   1.1784026e-06
   1.1801012e-06
   1.1818026e-06
   1.1835070e-06
   1.1852143e-06
   1.1869246e-06
   1.1886377e-06
   1.1903538e-06
   1.1920728e-06
   1.1937948e-06
   1.1955197e-06
   1.1972476e-06
   1.1989784e-06
   1.2007122e-06
   1.2024490e-06
   1.2041887e-06
   1.2059315e-06
   1.2076772e-06
   1.2094259e-06
   1.2111776e-06
   1.2129323e-06
   1.2146901e-06
   1.2164508e-06
   1.2182146e-06
   1.2199814e-06
   1.2217512e-06
   1.2235241e-06
   1.2253000e-06
   1.2270790e-06
   1.2288610e-06
   1.2306461e-06
   1.2324343e-06
   1.2342255e-06
   1.2360198e-06
   1.2378172e-06
   1.2396177e-06
   1.2414213e-06
   1.2432280e-06
   1.2450378e-06
   1.2468507e-06
   1.2486668e-06
   1.2504860e-06
   1.2523083e-06
   1.2541337e-06
   1.2559623e-06
   1.2577940e-06
   1.2596290e-06
   1.2614670e-06
   1.2633083e-06
   1.2651527e-06
   1.2670003e-06
   1.2688510e-06
   1.2707050e-06
   1.2725622e-06
   1.2744226e-06
   1.2762862e-06
   1.2781530e-06
   1.2800230e-06
   1.2818963e-06
   1.2837728e-06
   1.2856525e-06
   1.2875355e-06
   1.2894218e-06
   1.2913113e-06
   1.2932041e-06
   1.2951002e-06
   1.2969995e-06
   1.2989021e-06
   1.3008080e-06
   1.3027173e-06
   1.3046298e-06
   1.3065456e-06
   1.3084648e-06
   1.3103873e-06
   1.3123131e-06
   1.3142422e-06
   1.3161747e-06
   1.3181105e-06
   1.3200497e-06
   1.3219923e-06
   1.3239382e-06
   1.3258875e-06
   1.3278402e-06
   1.3297963e-06
   1.3317558e-06
   1.3337187e-06
   1.3356849e-06
   1.3376546e-06
   1.3396278e-06
   1.3416043e-06
   1.3435843e-06
   1.3455677e-06
   1.3475546e-06
   1.3495449e-06
   1.3515387e-06
   1.3535360e-06
   1.3555367e-06
   1.3575409e-06
   1.3595486e-06
   1.3615598e-06
   1.3635745e-06
   1.3655927e-06
   1.3676144e-06
   1.3696396e-06
   1.3716684e-06
   1.3737007e-06
   1.3757365e-06
   1.3777759e-06
   1.3798189e-06
   1.3818654e-06
   1.3839155e-06
   1.3859691e-06
   1.3880263e-06
   1.3900872e-06
   1.3921516e-06
   1.3942196e-06
   1.3962912e-06
   1.3983665e-06
   1.4004454e-06
   1.4025279e-06
   1.4046140e-06
   1.4067038e-06
   1.4087973e-06
   1.4108944e-06
   1.4129951e-06
   1.4150996e-06
   1.4172077e-06
   1.4193195e-06
   1.4214350e-06
   1.4235542e-06
   1.4256771e-06
   1.4278037e-06
   1.4299341e-06
   1.4320682e-06
   1.4342060e-06
   1.4363476e-06
   1.4384929e-06
   1.4406420e-06
   1.4427948e-06
   1.4449514e-06
   1.4471118e-06
   1.4492760e-06
   1.4514440e-06
   1.4536158e-06
   1.4557914e-06
   1.4579708e-06
   1.4601540e-06
   1.4623411e-06
   1.4645320e-06
   1.4667268e-06
   1.4689254e-06
   1.4711279e-06
   1.4733342e-06
   1.4755444e-06
   1.4777585e-06
   1.4799765e-06
   1.4821984e-06
   1.4844242e-06
   1.4866540e-06
   1.4888876e-06
   1.4911252e-06
   1.4933667e-06
   1.4956122e-06
   1.4978616e-06
   1.5001149e-06
   1.5023723e-06
   1.5046336e-06
   1.5068989e-06
   1.5091682e-06
   1.5114415e-06
   1.5137188e-06
   1.5160001e-06
   1.5182854e-06
   1.5205748e-06
   1.5228682e-06
   1.5251656e-06
   1.5274671e-06
   1.5297727e-06
   1.5320823e-06
   1.5343960e-06
   1.5367138e-06
   1.5390357e-06
   1.5413617e-06
   1.5436918e-06
   1.5460260e-06
   1.5483643e-06
   1.5507068e-06
   1.5530534e-06
   1.5554042e-06
   1.5577591e-06
   1.5601182e-06
   1.5624814e-06
   1.5648489e-06
   1.5672205e-06
   1.5695963e-06
   1.5719764e-06
   1.5743606e-06
   1.5767491e-06
   1.5791418e-06
   1.5815387e-06
   1.5839399e-06
   1.5863453e-06
   1.5887550e-06
   1.5911690e-06
   1.5935873e-06
   1.5960098e-06
   1.5984367e-06
   1.6008678e-06
   1.6033033e-06
   1.6057431e-06
   1.6081872e-06
   1.6106356e-06
   1.6130884e-06
   1.6155456e-06
   1.6180071e-06
   1.6204730e-06
   1.6229433e-06
   1.6254179e-06
   1.6278970e-06
   1.6303805e-06
   1.6328684e-06
   1.6353607e-06
   1.6378574e-06
   1.6403586e-06
   1.6428643e-06
   1.6453744e-06
   1.6478889e-06
   1.6504080e-06
   1.6529315e-06
   1.6554595e-06
   1.6579920e-06
   1.6605291e-06
   1.6630706e-06
   1.6656167e-06
   1.6681674e-06
   1.6707225e-06
   1.6732823e-06
   1.6758465e-06
   1.6784154e-06
   1.6809889e-06
   1.6835669e-06
   1.6861496e-06
   1.6887368e-06
   1.6913287e-06
   1.6939252e-06
   1.6965263e-06
   1.6991321e-06
   1.7017425e-06
   1.7043576e-06
   1.7069774e-06
   1.7096019e-06
   1.7122310e-06
   1.7148649e-06
   1.7175034e-06
   1.7201467e-06
   1.7227947e-06
   1.7254475e-06
   1.7281050e-06
   1.7307672e-06
   1.7334343e-06
   1.7361061e-06
   1.7387826e-06
   1.7414640e-06
   1.7441502e-06
   1.7468412e-06
   1.7495370e-06
   1.7522376e-06
   1.7549431e-06
   1.7576535e-06
   1.7603687e-06
   1.7630887e-06
   1.7658137e-06
   1.7685435e-06
   1.7712783e-06
   1.7740179e-06
   1.7767625e-06
   1.7795120e-06
   1.7822664e-06
   1.7850258e-06
   1.7877901e-06
   1.7905594e-06
   1.7933337e-06
   1.7961130e-06
   1.7988973e-06
   1.8016865e-06
   1.8044808e-06
   1.8072801e-06
   1.8100845e-06
   1.8128939e-06
   1.8157083e-06
   1.8185278e-06
   1.8213524e-06
   1.8241821e-06
   1.8270169e-06
   1.8298568e-06
   1.8327018e-06
   1.8355519e-06
   1.8384071e-06
   1.8412675e-06
   1.8441331e-06
   1.8470038e-06
   1.8498797e-06
   1.8527608e-06
   1.8556471e-06
   1.8585386e-06
   1.8614353e-06
   1.8643373e-06
   1.8672445e-06
   1.8701569e-06
   1.8730746e-06
   1.8759976e-06
   1.8789258e-06
   1.8818593e-06
   1.8847982e-06
   1.8877423e-06
   1.8906918e-06
   1.8936466e-06
   1.8966067e-06
   1.8995722e-06
   1.9025431e-06
   1.9055193e-06
   1.9085010e-06
   1.9114880e-06
   1.9144804e-06
   1.9174783e-06
   1.9204815e-06
   1.9234903e-06
   1.9265044e-06
   1.9295241e-06
   1.9325492e-06
   1.9355798e-06
   1.9386158e-06
   1.9416574e-06
   1.9447045e-06
   1.9477571e-06
   1.9508153e-06
   1.9538790e-06
   1.9569483e-06
   1.9600231e-06
   1.9631035e-06
   1.9661896e-06
   1.9692812e-06
   1.9723784e-06
   1.9754813e-06
   1.9785898e-06
   1.9817039e-06
   1.9848237e-06
   1.9879492e-06
   1.9910804e-06
   1.9942172e-06
   1.9973598e-06
   2.0005081e-06
   2.0036621e-06
   2.0068218e-06
   2.0099873e-06
   2.0131586e-06
   2.0163356e-06
   2.0195184e-06
   2.0227071e-06
   2.0259015e-06
   2.0291017e-06
   2.0323078e-06
   2.0355197e-06
   2.0387375e-06
   2.0419611e-06
   2.0451907e-06
   2.0484261e-06
   2.0516674e-06
   2.0549146e-06
   2.0581678e-06
   2.0614268e-06
   2.0646919e-06
   2.0679629e-06
   2.0712398e-06
   2.0745228e-06
   2.0778117e-06
   2.0811067e-06
   2.0844077e-06
   2.0877147e-06
   2.0910278e-06
   2.0943469e-06
   2.0976721e-06
   2.1010033e-06
   2.1043407e-06
   2.1076842e-06
   2.1110337e-06
   2.1143895e-06
   2.1177513e-06
   2.1211193e-06
   2.1244935e-06
   2.1278739e-06
   2.1312604e-06
   2.1346532e-06
   2.1380521e-06
   2.1414573e-06
   2.1448688e-06
   2.1482865e-06
   2.1517104e-06
   2.1551407e-06
   2.1585772e-06
   2.1620200e-06
   2.1654692e-06
   2.1689247e-06
   2.1723865e-06
   2.1758547e-06
   2.1793292e-06
   2.1828102e-06
   2.1862975e-06
   2.1897912e-06
   2.1932914e-06
   2.1967979e-06
   2.2003110e-06
   2.2038305e-06
   2.2073564e-06
   2.2108889e-06
   2.2144278e-06
   2.2179732e-06
   2.2215252e-06
   2.2250837e-06
   2.2286488e-06
   2.2322204e-06
   2.2357986e-06
   2.2393834e-06
   2.2429748e-06
   2.2465728e-06
   2.2501774e-06
   2.2537887e-06
   2.2574066e-06
   2.2610312e-06
   2.2646625e-06
   2.2683005e-06
   2.2719452e-06
   2.2755966e-06
   2.2792547e-06
   2.2829196e-06
   2.2865913e-06
   2.2902697e-06
   2.2939549e-06
   2.2976470e-06
   2.3013458e-06
   2.3050515e-06
   2.3087641e-06
   2.3124835e-06
   2.3162097e-06
   2.3199429e-06
   2.3236829e-06
   2.3274299e-06
   2.3311838e-06
   2.3349447e-06
   2.3387125e-06
   2.3424872e-06
   2.3462690e-06
   2.3500578e-06
   2.3538535e-06
   2.3576563e-06
   2.3614662e-06
   2.3652831e-06
   2.3691071e-06
   2.3729381e-06
   2.3767763e-06
   2.3806215e-06
   2.3844740e-06
   2.3883335e-06
   2.3922002e-06
   2.3960741e-06
   2.3999551e-06
   2.4038434e-06
   2.4077389e-06
   2.4116416e-06
   2.4155515e-06
   2.4194687e-06
   2.4233932e-06
   2.4273250e-06
   2.4312641e-06
   2.4352105e-06
   2.4391642e-06
   2.4431253e-06
   2.4470937e-06
   2.4510695e-06
   2.4550528e-06
   2.4590434e-06
   2.4630414e-06
   2.4670469e-06
   2.4710598e-06
   2.4750802e-06
   2.4791081e-06
   2.4831435e-06
   2.4871864e-06
   2.4912368e-06
   2.4952948e-06
   2.4993604e-06
   2.5034335e-06
   2.5075142e-06
   2.5116025e-06
   2.5156984e-06
   2.5198020e-06
   2.5239132e-06
   2.5280321e-06
   2.5321587e-06
   2.5362929e-06
   2.5404349e-06
   2.5445846e-06
   2.5487421e-06
   2.5529073e-06
   2.5570803e-06
   2.5612611e-06
   2.5654497e-06
   2.5696462e-06
   2.5738504e-06
   2.5780626e-06
   2.5822826e-06
   2.5865105e-06
   2.5907463e-06
   2.5949900e-06
   2.5992417e-06
   2.6035013e-06
   2.6077689e-06
   2.6120445e-06
   2.6163281e-06
   2.6206197e-06
   2.6249193e-06
   2.6292270e-06
   2.6335428e-06
   2.6378666e-06
   2.6421985e-06
   2.6465386e-06
   2.6508868e-06
   2.6552432e-06
   2.6596077e-06
   2.6639804e-06
   2.6683613e-06
   2.6727504e-06
   2.6771478e-06
   2.6815534e-06
   2.6859673e-06
   2.6903894e-06
   2.6948199e-06
   2.6992587e-06
   2.7037058e-06
   2.7081613e-06
   2.7126252e-06
   2.7170974e-06
   2.7215781e-06
   2.7260671e-06
   2.7305646e-06
   2.7350706e-06
   2.7395850e-06
   2.7441080e-06
   2.7486394e-06
   2.7531794e-06
   2.7577279e-06
   2.7622850e-06
   2.7668506e-06
