   1.3432035e-07
   1.3432178e-07
   1.3432358e-07
   1.3432574e-07
   1.3432825e-07
   1.3433113e-07
   1.3433436e-07
   1.3433795e-07
   1.3434190e-07
   1.3434622e-07
   1.3435089e-07
   1.3435592e-07
   1.3436131e-07
   1.3436706e-07
   1.3437317e-07
   1.3437964e-07
   1.3438647e-07
   1.3439366e-07
   1.3440121e-07
   1.3440912e-07
   1.3441739e-07
   1.3442602e-07
   1.3443502e-07
   1.3444437e-07
   1.3445408e-07
   1.3446415e-07
   1.3447459e-07
   1.3448539e-07
   1.3449654e-07
   1.3450806e-07
   1.3451994e-07
   1.3453218e-07
   1.3454479e-07
   1.3455775e-07
   1.3457108e-07
   1.3458477e-07
   1.3459882e-07
   1.3461323e-07
   1.3462801e-07
   1.3464315e-07
   1.3465865e-07
   1.3467452e-07
   1.3469075e-07
   1.3470734e-07
   1.3472430e-07
   1.3474162e-07
   1.3475930e-07
   1.3477735e-07
   1.3479577e-07
   1.3481455e-07
   1.3483369e-07
   1.3485320e-07
   1.3487307e-07
   1.3489331e-07
   1.3491392e-07
   1.3493489e-07
   1.3495623e-07
   1.3497794e-07
   1.3500001e-07
   1.3502245e-07
   1.3504526e-07
   1.3506844e-07
   1.3509198e-07
   1.3511589e-07
   1.3514017e-07
   1.3516482e-07
   1.3518984e-07
   1.3521523e-07
   1.3524099e-07
   1.3526712e-07
   1.3529362e-07
   1.3532049e-07
   1.3534773e-07
   1.3537534e-07
   1.3540333e-07
   1.3543168e-07
   1.3546041e-07
   1.3548951e-07
   1.3551899e-07
   1.3554884e-07
   1.3557906e-07
   1.3560965e-07
   1.3564063e-07
   1.3567197e-07
   1.3570369e-07
   1.3573579e-07
   1.3576826e-07
   1.3580111e-07
   1.3583434e-07
   1.3586794e-07
   1.3590192e-07
   1.3593628e-07
   1.3597102e-07
   1.3600614e-07
   1.3604164e-07
   1.3607751e-07
   1.3611377e-07
   1.3615041e-07
   1.3618743e-07
   1.3622483e-07
   1.3626261e-07
   1.3630077e-07
   1.3633932e-07
   1.3637825e-07
   1.3641757e-07
   1.3645727e-07
   1.3649735e-07
   1.3653782e-07
   1.3657868e-07
   1.3661992e-07
   1.3666155e-07
   1.3670357e-07
   1.3674597e-07
   1.3678877e-07
   1.3683195e-07
   1.3687552e-07
   1.3691949e-07
   1.3696384e-07
   1.3700858e-07
   1.3705372e-07
   1.3709925e-07
   1.3714517e-07
   1.3719148e-07
   1.3723819e-07
   1.3728530e-07
   1.3733280e-07
   1.3738069e-07
   1.3742898e-07
   1.3747767e-07
   1.3752676e-07
   1.3757624e-07
   1.3762613e-07
   1.3767641e-07
   1.3772709e-07
   1.3777818e-07
   1.3782966e-07
   1.3788155e-07
   1.3793384e-07
   1.3798653e-07
   1.3803963e-07
   1.3809313e-07
   1.3814704e-07
   1.3820136e-07
   1.3825608e-07
   1.3831121e-07
   1.3836675e-07
   1.3842269e-07
   1.3847905e-07
   1.3853582e-07
   1.3859300e-07
   1.3865059e-07
   1.3870859e-07
   1.3876701e-07
   1.3882584e-07
   1.3888508e-07
   1.3894474e-07
   1.3900482e-07
   1.3906532e-07
   1.3912623e-07
   1.3918756e-07
   1.3924931e-07
   1.3931149e-07
   1.3937408e-07
   1.3943710e-07
   1.3950054e-07
   1.3956440e-07
   1.3962869e-07
   1.3969340e-07
   1.3975854e-07
   1.3982411e-07
   1.3989010e-07
   1.3995653e-07
   1.4002338e-07
   1.4009066e-07
   1.4015838e-07
   1.4022653e-07
   1.4029511e-07
   1.4036413e-07
   1.4043358e-07
   1.4050347e-07
   1.4057380e-07
   1.4064456e-07
   1.4071576e-07
   1.4078741e-07
   1.4085949e-07
   1.4093202e-07
   1.4100499e-07
   1.4107840e-07
   1.4115226e-07
   1.4122656e-07
   1.4130132e-07
   1.4137652e-07
   1.4145216e-07
   1.4152826e-07
   1.4160481e-07
   1.4168182e-07
   1.4175927e-07
   1.4183718e-07
   1.4191555e-07
   1.4199437e-07
   1.4207365e-07
   1.4215339e-07
   1.4223359e-07
   1.4231424e-07
   1.4239537e-07
   1.4247695e-07
   1.4255900e-07
   1.4264151e-07
   1.4272449e-07
   1.4280794e-07
   1.4289186e-07
   1.4297625e-07
   1.4306111e-07
   1.4314644e-07
   1.4323224e-07
   1.4331853e-07
   1.4340528e-07
   1.4349252e-07
   1.4358023e-07
   1.4366842e-07
   1.4375710e-07
   1.4384625e-07
   1.4393589e-07
   1.4402602e-07
   1.4411663e-07
   1.4420773e-07
   1.4429932e-07
   1.4439139e-07
   1.4448396e-07
   1.4457703e-07
   1.4467058e-07
   1.4476464e-07
   1.4485919e-07
   1.4495423e-07
   1.4504978e-07
   1.4514583e-07
   1.4524238e-07
   1.4533944e-07
   1.4543700e-07
   1.4553506e-07
   1.4563364e-07
   1.4573273e-07
   1.4583232e-07
   1.4593243e-07
   1.4603305e-07
   1.4613419e-07
   1.4623585e-07
   1.4633802e-07
   1.4644072e-07
   1.4654393e-07
   1.4664767e-07
   1.4675194e-07
   1.4685673e-07
   1.4696205e-07
   1.4706789e-07
   1.4717427e-07
   1.4728118e-07
   1.4738863e-07
   1.4749661e-07
   1.4760513e-07
   1.4771419e-07
   1.4782379e-07
   1.4793393e-07
   1.4804461e-07
   1.4815585e-07
   1.4826762e-07
   1.4837995e-07
   1.4849283e-07
   1.4860626e-07
   1.4872025e-07
   1.4883479e-07
   1.4894989e-07
   1.4906555e-07
   1.4918177e-07
   1.4929855e-07
   1.4941590e-07
   1.4953382e-07
   1.4965230e-07
   1.4977136e-07
   1.4989099e-07
   1.5001119e-07
   1.5013197e-07
   1.5025332e-07
   1.5037526e-07
   1.5049778e-07
   1.5062088e-07
   1.5074456e-07
   1.5086884e-07
   1.5099370e-07
   1.5111916e-07
   1.5124521e-07
   1.5137185e-07
   1.5149909e-07
   1.5162693e-07
   1.5175538e-07
   1.5188442e-07
   1.5201407e-07
   1.5214433e-07
   1.5227520e-07
   1.5240668e-07
   1.5253878e-07
   1.5267149e-07
   1.5280482e-07
   1.5293877e-07
   1.5307334e-07
   1.5320853e-07
   1.5334435e-07
   1.5348081e-07
   1.5361789e-07
   1.5375560e-07
   1.5389396e-07
   1.5403294e-07
   1.5417257e-07
   1.5431284e-07
   1.5445376e-07
   1.5459532e-07
   1.5473753e-07
   1.5488040e-07
   1.5502391e-07
   1.5516808e-07
   1.5531292e-07
   1.5545841e-07
   1.5560456e-07
   1.5575138e-07
   1.5589887e-07
   1.5604703e-07
   1.5619586e-07
   1.5634537e-07
   1.5649555e-07
   1.5664642e-07
   1.5679796e-07
   1.5695019e-07
   1.5710311e-07
   1.5725672e-07
   1.5741103e-07
   1.5756602e-07
   1.5772172e-07
   1.5787811e-07
   1.5803521e-07
   1.5819302e-07
   1.5835153e-07
   1.5851075e-07
   1.5867069e-07
   1.5883134e-07
   1.5899271e-07
   1.5915480e-07
   1.5931762e-07
   1.5948116e-07
   1.5964544e-07
   1.5981044e-07
   1.5997618e-07
   1.6014266e-07
   1.6030988e-07
   1.6047784e-07
   1.6064655e-07
   1.6081600e-07
   1.6098621e-07
   1.6115718e-07
   1.6132890e-07
   1.6150138e-07
   1.6167462e-07
   1.6184863e-07
   1.6202341e-07
   1.6219896e-07
   1.6237529e-07
   1.6255240e-07
   1.6273028e-07
   1.6290895e-07
   1.6308841e-07
   1.6326865e-07
   1.6344969e-07
   1.6363153e-07
   1.6381416e-07
   1.6399759e-07
   1.6418184e-07
   1.6436688e-07
   1.6455274e-07
   1.6473942e-07
   1.6492691e-07
   1.6511522e-07
   1.6530436e-07
   1.6549432e-07
   1.6568512e-07
   1.6587675e-07
   1.6606921e-07
   1.6626251e-07
   1.6645666e-07
   1.6665166e-07
   1.6684750e-07
   1.6704419e-07
   1.6724175e-07
   1.6744016e-07
   1.6763943e-07
   1.6783957e-07
   1.6804058e-07
   1.6824247e-07
   1.6844523e-07
   1.6864886e-07
   1.6885339e-07
   1.6905879e-07
   1.6926509e-07
   1.6947228e-07
   1.6968037e-07
   1.6988936e-07
   1.7009925e-07
   1.7031005e-07
   1.7052176e-07
   1.7073439e-07
   1.7094793e-07
   1.7116239e-07
   1.7137778e-07
   1.7159409e-07
   1.7181134e-07
   1.7202952e-07
   1.7224865e-07
   1.7246871e-07
   1.7268972e-07
   1.7291168e-07
   1.7313460e-07
   1.7335847e-07
   1.7358330e-07
   1.7380910e-07
   1.7403586e-07
   1.7426360e-07
   1.7449231e-07
   1.7472201e-07
   1.7495268e-07
   1.7518434e-07
   1.7541699e-07
   1.7565064e-07
   1.7588528e-07
   1.7612093e-07
   1.7635758e-07
   1.7659524e-07
   1.7683392e-07
   1.7707361e-07
   1.7731432e-07
   1.7755606e-07
   1.7779882e-07
   1.7804262e-07
   1.7828745e-07
   1.7853332e-07
   1.7878024e-07
   1.7902820e-07
   1.7927722e-07
   1.7952729e-07
   1.7977842e-07
   1.8003061e-07
   1.8028388e-07
   1.8053821e-07
   1.8079361e-07
   1.8105010e-07
   1.8130767e-07
   1.8156633e-07
   1.8182607e-07
   1.8208691e-07
   1.8234885e-07
   1.8261190e-07
   1.8287604e-07
   1.8314130e-07
   1.8340768e-07
   1.8367517e-07
   1.8394379e-07
   1.8421353e-07
   1.8448440e-07
   1.8475641e-07
   1.8502955e-07
   1.8530384e-07
   1.8557927e-07
   1.8585586e-07
   1.8613360e-07
   1.8641250e-07
   1.8669256e-07
   1.8697378e-07
   1.8725618e-07
   1.8753975e-07
   1.8782450e-07
   1.8811043e-07
   1.8839755e-07
   1.8868586e-07
   1.8897537e-07
   1.8926607e-07
   1.8955798e-07
   1.8985109e-07
   1.9014541e-07
   1.9044095e-07
   1.9073770e-07
   1.9103568e-07
   1.9133489e-07
   1.9163533e-07
   1.9193700e-07
   1.9223990e-07
   1.9254406e-07
   1.9284946e-07
   1.9315610e-07
   1.9346401e-07
   1.9377317e-07
   1.9408359e-07
   1.9439528e-07
   1.9470824e-07
   1.9502248e-07
   1.9533799e-07
   1.9565479e-07
   1.9597287e-07
   1.9629224e-07
   1.9661290e-07
   1.9693487e-07
   1.9725813e-07
   1.9758270e-07
   1.9790858e-07
   1.9823577e-07
   1.9856428e-07
   1.9889411e-07
   1.9922526e-07
   1.9955774e-07
   1.9989155e-07
   2.0022670e-07
   2.0056319e-07
   2.0090103e-07
   2.0124021e-07
   2.0158074e-07
   2.0192262e-07
   2.0226586e-07
   2.0261047e-07
   2.0295644e-07
   2.0330378e-07
   2.0365249e-07
   2.0400258e-07
   2.0435405e-07
   2.0470690e-07
   2.0506114e-07
   2.0541677e-07
   2.0577380e-07
   2.0613222e-07
   2.0649204e-07
   2.0685327e-07
   2.0721590e-07
   2.0757995e-07
   2.0794541e-07
   2.0831229e-07
   2.0868059e-07
   2.0905032e-07
   2.0942147e-07
   2.0979406e-07
   2.1016808e-07
   2.1054354e-07
   2.1092044e-07
   2.1129878e-07
   2.1167857e-07
   2.1205982e-07
   2.1244251e-07
   2.1282666e-07
   2.1321228e-07
   2.1359935e-07
   2.1398789e-07
   2.1437790e-07
   2.1476938e-07
   2.1516234e-07
   2.1555677e-07
   2.1595269e-07
   2.1635009e-07
   2.1674897e-07
   2.1714934e-07
   2.1755121e-07
   2.1795457e-07
   2.1835942e-07
   2.1876578e-07
   2.1917363e-07
   2.1958300e-07
   2.1999387e-07
   2.2040624e-07
   2.2082014e-07
   2.2123554e-07
   2.2165247e-07
   2.2207091e-07
   2.2249087e-07
   2.2291236e-07
   2.2333538e-07
   2.2375993e-07
   2.2418600e-07
   2.2461361e-07
   2.2504275e-07
   2.2547344e-07
   2.2590566e-07
   2.2633942e-07
   2.2677472e-07
   2.2721158e-07
   2.2764997e-07
   2.2808992e-07
   2.2853142e-07
   2.2897447e-07
   2.2941908e-07
   2.2986524e-07
   2.3031296e-07
   2.3076224e-07
   2.3121308e-07
   2.3166549e-07
   2.3211945e-07
   2.3257499e-07
   2.3303209e-07
   2.3349076e-07
   2.3395100e-07
   2.3441281e-07
   2.3487619e-07
   2.3534115e-07
   2.3580769e-07
   2.3627579e-07
   2.3674548e-07
   2.3721675e-07
   2.3768959e-07
   2.3816402e-07
   2.3864002e-07
   2.3911761e-07
   2.3959679e-07
   2.4007754e-07
   2.4055989e-07
   2.4104381e-07
   2.4152933e-07
   2.4201643e-07
   2.4250512e-07
   2.4299540e-07
   2.4348726e-07
   2.4398072e-07
   2.4447577e-07
   2.4497240e-07
   2.4547063e-07
   2.4597045e-07
   2.4647186e-07
   2.4697486e-07
   2.4747946e-07
   2.4798564e-07
   2.4849342e-07
   2.4900280e-07
   2.4951376e-07
   2.5002632e-07
   2.5054047e-07
   2.5105621e-07
   2.5157355e-07
   2.5209248e-07
   2.5261300e-07
   2.5313511e-07
   2.5365882e-07
   2.5418412e-07
   2.5471101e-07
   2.5523949e-07
   2.5576956e-07
   2.5630122e-07
   2.5683448e-07
   2.5736932e-07
   2.5790575e-07
   2.5844378e-07
   2.5898339e-07
   2.5952459e-07
   2.6006737e-07
   2.6061174e-07
   2.6115770e-07
   2.6170524e-07
   2.6225437e-07
   2.6280508e-07
   2.6335738e-07
   2.6391126e-07
   2.6446672e-07
   2.6502376e-07
   2.6558238e-07
   2.6614257e-07
   2.6670435e-07
   2.6726770e-07
   2.6783263e-07
   2.6839914e-07
   2.6896722e-07
   2.6953687e-07
   2.7010809e-07
   2.7068089e-07
   2.7125525e-07
   2.7183119e-07
   2.7240869e-07
   2.7298776e-07
   2.7356839e-07
   2.7415059e-07
   2.7473435e-07
   2.7531967e-07
   2.7590655e-07
   2.7649500e-07
   2.7708500e-07
   2.7767655e-07
   2.7826967e-07
   2.7886433e-07
   2.7946055e-07
   2.8005833e-07
   2.8065765e-07
   2.8125852e-07
   2.8186094e-07
   2.8246491e-07
   2.8307042e-07
   2.8367748e-07
   2.8428608e-07
   2.8489622e-07
   2.8550790e-07
   2.8612112e-07
   2.8673587e-07
   2.8735217e-07
   2.8797000e-07
   2.8858936e-07
   2.8921025e-07
   2.8983268e-07
   2.9045663e-07
   2.9108212e-07
   2.9170913e-07
   2.9233767e-07
   2.9296773e-07
   2.9359932e-07
   2.9423242e-07
   2.9486705e-07
   2.9550321e-07
   2.9614087e-07
   2.9678006e-07
   2.9742077e-07
   2.9806299e-07
   2.9870672e-07
   2.9935197e-07
   2.9999873e-07
   3.0064700e-07
   3.0129678e-07
   3.0194807e-07
   3.0260087e-07
   3.0325518e-07
   3.0391100e-07
   3.0456832e-07
   3.0522714e-07
   3.0588748e-07
   3.0654931e-07
   3.0721265e-07
   3.0787749e-07
   3.0854383e-07
   3.0921167e-07
   3.0988101e-07
   3.1055186e-07
   3.1122420e-07
   3.1189804e-07
   3.1257338e-07
   3.1325022e-07
   3.1392855e-07
   3.1460838e-07
   3.1528972e-07
   3.1597254e-07
   3.1665687e-07
   3.1734269e-07
   3.1803001e-07
   3.1871882e-07
   3.1940913e-07
   3.2010094e-07
   3.2079425e-07
   3.2148905e-07
   3.2218535e-07
   3.2288315e-07
   3.2358244e-07
   3.2428324e-07
   3.2498553e-07
   3.2568932e-07
   3.2639461e-07
   3.2710141e-07
   3.2780970e-07
   3.2851950e-07
   3.2923080e-07
   3.2994361e-07
   3.3065791e-07
   3.3137373e-07
   3.3209105e-07
   3.3280988e-07
   3.3353022e-07
   3.3425207e-07
   3.3497544e-07
   3.3570031e-07
   3.3642670e-07
   3.3715461e-07
   3.3788403e-07
   3.3861498e-07
   3.3934745e-07
   3.4008144e-07
   3.4081695e-07
   3.4155399e-07
   3.4229256e-07
   3.4303267e-07
   3.4377430e-07
   3.4451748e-07
   3.4526219e-07
   3.4600844e-07
   3.4675623e-07
   3.4750557e-07
   3.4825646e-07
   3.4900890e-07
   3.4976290e-07
   3.5051845e-07
   3.5127556e-07
   3.5203424e-07
   3.5279448e-07
   3.5355629e-07
   3.5431967e-07
   3.5508463e-07
   3.5585117e-07
   3.5661929e-07
   3.5738900e-07
   3.5816030e-07
   3.5893319e-07
   3.5970768e-07
   3.6048378e-07
   3.6126148e-07
   3.6204079e-07
   3.6282172e-07
   3.6360426e-07
   3.6438843e-07
   3.6517422e-07
   3.6596165e-07
   3.6675072e-07
   3.6754143e-07
   3.6833378e-07
   3.6912779e-07
   3.6992345e-07
   3.7072078e-07
   3.7151977e-07
   3.7232044e-07
   3.7312278e-07
   3.7392681e-07
   3.7473252e-07
   3.7553993e-07
   3.7634904e-07
   3.7715986e-07
   3.7797239e-07
   3.7878664e-07
   3.7960261e-07
   3.8042031e-07
   3.8123975e-07
   3.8206093e-07
   3.8288386e-07
   3.8370854e-07
   3.8453499e-07
   3.8536321e-07
   3.8619321e-07
   3.8702498e-07
   3.8785855e-07
   3.8869392e-07
   3.8953109e-07
   3.9037007e-07
   3.9121087e-07
   3.9205350e-07
   3.9289796e-07
   3.9374426e-07
   3.9459242e-07
   3.9544243e-07
   3.9629430e-07
   3.9714805e-07
   3.9800368e-07
   3.9886120e-07
   3.9972061e-07
   4.0058194e-07
   4.0144518e-07
   4.0231034e-07
   4.0317743e-07
   4.0404646e-07
   4.0491744e-07
   4.0579038e-07
   4.0666529e-07
   4.0754217e-07
   4.0842104e-07
   4.0930191e-07
   4.1018477e-07
   4.1106965e-07
   4.1195656e-07
   4.1284549e-07
   4.1373647e-07
   4.1462950e-07
   4.1552459e-07
   4.1642176e-07
   4.1732100e-07
   4.1822234e-07
   4.1912578e-07
   4.2003133e-07
   4.2093900e-07
   4.2184881e-07
   4.2276076e-07
   4.2367487e-07
   4.2459114e-07
   4.2550958e-07
   4.2643022e-07
   4.2735305e-07
   4.2827809e-07
   4.2920534e-07
   4.3013483e-07
   4.3106657e-07
   4.3200055e-07
   4.3293680e-07
   4.3387533e-07
   4.3481615e-07
   4.3575927e-07
   4.3670469e-07
   4.3765245e-07
   4.3860253e-07
   4.3955497e-07
   4.4050976e-07
   4.4146693e-07
   4.4242648e-07
   4.4338843e-07
   4.4435279e-07
   4.4531957e-07
   4.4628878e-07
   4.4726044e-07
   4.4823456e-07
   4.4921115e-07
   4.5019023e-07
   4.5117180e-07
   4.5215589e-07
   4.5314250e-07
   4.5413165e-07
   4.5512335e-07
   4.5611761e-07
   4.5711445e-07
   4.5811388e-07
   4.5911592e-07
   4.6012058e-07
   4.6112786e-07
   4.6213780e-07
   4.6315039e-07
   4.6416565e-07
   4.6518361e-07
   4.6620427e-07
   4.6722764e-07
   4.6825374e-07
   4.6928259e-07
   4.7031419e-07
   4.7134857e-07
   4.7238574e-07
   4.7342571e-07
   4.7446849e-07
   4.7551411e-07
   4.7656258e-07
   4.7761390e-07
   4.7866811e-07
   4.7972520e-07
   4.8078520e-07
   4.8184813e-07
   4.8291399e-07
   4.8398280e-07
   4.8505458e-07
   4.8612934e-07
   4.8720710e-07
   4.8828788e-07
   4.8937168e-07
   4.9045853e-07
   4.9154845e-07
   4.9264144e-07
   4.9373752e-07
   4.9483671e-07
   4.9593902e-07
   4.9704448e-07
   4.9815309e-07
   4.9926488e-07
   5.0037986e-07
   5.0149804e-07
   5.0261944e-07
   5.0374409e-07
   5.0487199e-07
   5.0600316e-07
   5.0713762e-07
   5.0827538e-07
   5.0941647e-07
   5.1056090e-07
   5.1170868e-07
   5.1285984e-07
   5.1401438e-07
   5.1517233e-07
   5.1633371e-07
   5.1749853e-07
   5.1866681e-07
   5.1983856e-07
   5.2101381e-07
   5.2219257e-07
   5.2337485e-07
   5.2456069e-07
   5.2575008e-07
   5.2694306e-07
   5.2813964e-07
   5.2933983e-07
   5.3054366e-07
   5.3175115e-07
   5.3296230e-07
   5.3417715e-07
   5.3539570e-07
   5.3661797e-07
   5.3784399e-07
   5.3907377e-07
   5.4030734e-07
   5.4154470e-07
   5.4278588e-07
   5.4403089e-07
   5.4527976e-07
   5.4653250e-07
   5.4778914e-07
   5.4904968e-07
   5.5031416e-07
   5.5158258e-07
   5.5285497e-07
   5.5413134e-07
   5.5541173e-07
   5.5669613e-07
   5.5798458e-07
   5.5927709e-07
   5.6057369e-07
   5.6187439e-07
   5.6317920e-07
   5.6448816e-07
   5.6580128e-07
   5.6711858e-07
   5.6844007e-07
   5.6976579e-07
   5.7109574e-07
   5.7242995e-07
   5.7376844e-07
   5.7511123e-07
   5.7645834e-07
   5.7780978e-07
   5.7916558e-07
   5.8052576e-07
   5.8189034e-07
   5.8325934e-07
   5.8463278e-07
   5.8601067e-07
   5.8739305e-07
   5.8877992e-07
   5.9017132e-07
   5.9156726e-07
   5.9296775e-07
   5.9437283e-07
   5.9578252e-07
   5.9719683e-07
   5.9861578e-07
   6.0003940e-07
   6.0146770e-07
   6.0290071e-07
   6.0433846e-07
   6.0578095e-07
   6.0722821e-07
   6.0868026e-07
   6.1013713e-07
   6.1159883e-07
   6.1306538e-07
   6.1453682e-07
   6.1601315e-07
   6.1749440e-07
   6.1898060e-07
   6.2047175e-07
   6.2196790e-07
   6.2346905e-07
   6.2497523e-07
   6.2648646e-07
   6.2800276e-07
   6.2952415e-07
   6.3105066e-07
   6.3258231e-07
   6.3411912e-07
   6.3566112e-07
   6.3720831e-07
   6.3876074e-07
   6.4031841e-07
   6.4188136e-07
   6.4344960e-07
   6.4502315e-07
   6.4660205e-07
   6.4818630e-07
   6.4977594e-07
   6.5137099e-07
   6.5297146e-07
   6.5457739e-07
   6.5618880e-07
   6.5780570e-07
   6.5942812e-07
   6.6105608e-07
   6.6268962e-07
   6.6432874e-07
   6.6597347e-07
   6.6762384e-07
   6.6927988e-07
   6.7094159e-07
   6.7260901e-07
   6.7428216e-07
   6.7596106e-07
   6.7764573e-07
   6.7933621e-07
   6.8103251e-07
   6.8273466e-07
   6.8444268e-07
   6.8615659e-07
   6.8787642e-07
   6.8960219e-07
   6.9133393e-07
   6.9307166e-07
   6.9481540e-07
   6.9656518e-07
   6.9832102e-07
   7.0008294e-07
   7.0185098e-07
   7.0362515e-07
   7.0540548e-07
   7.0719199e-07
   7.0898471e-07
   7.1078366e-07
   7.1258887e-07
   7.1440036e-07
   7.1621815e-07
   7.1804228e-07
   7.1987276e-07
   7.2170961e-07
   7.2355288e-07
   7.2540257e-07
   7.2725871e-07
   7.2912133e-07
   7.3099046e-07
   7.3286612e-07
   7.3474833e-07
   7.3663711e-07
   7.3853251e-07
   7.4043453e-07
   7.4234321e-07
   7.4425856e-07
   7.4618062e-07
   7.4810942e-07
   7.5004496e-07
   7.5198729e-07
   7.5393643e-07
   7.5589240e-07
   7.5785523e-07
   7.5982494e-07
   7.6180157e-07
   7.6378513e-07
   7.6577565e-07
   7.6777315e-07
   7.6977768e-07
   7.7178924e-07
   7.7380786e-07
   7.7583358e-07
   7.7786642e-07
   7.7990640e-07
   7.8195355e-07
   7.8400789e-07
   7.8606946e-07
   7.8813828e-07
   7.9021438e-07
   7.9229777e-07
   7.9438850e-07
   7.9648658e-07
   7.9859204e-07
   8.0070491e-07
   8.0282522e-07
   8.0495299e-07
   8.0708825e-07
   8.0923102e-07
   8.1138134e-07
   8.1353923e-07
   8.1570471e-07
   8.1787782e-07
   8.2005858e-07
   8.2224701e-07
   8.2444315e-07
   8.2664703e-07
   8.2885866e-07
   8.3107808e-07
   8.3330532e-07
   8.3554040e-07
   8.3778334e-07
   8.4003419e-07
   8.4229296e-07
   8.4455968e-07
   8.4683438e-07
   8.4911709e-07
   8.5140784e-07
   8.5370665e-07
   8.5601355e-07
   8.5832857e-07
   8.6065174e-07
   8.6298308e-07
   8.6532262e-07
   8.6767040e-07
   8.7002644e-07
   8.7239076e-07
   8.7476340e-07
   8.7714439e-07
   8.7953375e-07
   8.8193151e-07
   8.8433770e-07
   8.8675234e-07
   8.8917548e-07
   8.9160713e-07
   8.9404732e-07
   8.9649608e-07
   8.9895345e-07
   9.0141945e-07
   9.0389411e-07
   9.0637745e-07
   9.0886951e-07
   9.1137032e-07
   9.1387990e-07
   9.1639829e-07
   9.1892551e-07
   9.2146159e-07
   9.2400656e-07
   9.2656046e-07
   9.2912330e-07
   9.3169512e-07
   9.3427596e-07
   9.3686583e-07
   9.3946477e-07
   9.4207280e-07
   9.4468996e-07
   9.4731628e-07
   9.4995179e-07
   9.5259651e-07
   9.5525048e-07
   9.5791373e-07
   9.6058627e-07
   9.6326816e-07
   9.6595941e-07
   9.6866006e-07
   9.7137013e-07
   9.7408966e-07
   9.7681867e-07
   9.7955721e-07
   9.8230528e-07
   9.8506294e-07
   9.8783020e-07
   9.9060710e-07
   9.9339367e-07
   9.9618994e-07
   9.9899593e-07
   1.0018117e-06
   1.0046372e-06
   1.0074726e-06
   1.0103178e-06
   1.0131729e-06
   1.0160380e-06
   1.0189129e-06
   1.0217979e-06
   1.0246928e-06
   1.0275978e-06
   1.0305128e-06
   1.0334380e-06
   1.0363733e-06
   1.0393187e-06
   1.0422744e-06
   1.0452402e-06
   1.0482164e-06
   1.0512028e-06
   1.0541995e-06
   1.0572066e-06
   1.0602241e-06
   1.0632520e-06
   1.0662903e-06
   1.0693391e-06
   1.0723984e-06
   1.0754683e-06
   1.0785487e-06
   1.0816398e-06
   1.0847415e-06
   1.0878538e-06
   1.0909769e-06
   1.0941107e-06
   1.0972553e-06
   1.1004106e-06
   1.1035768e-06
   1.1067539e-06
   1.1099418e-06
   1.1131407e-06
   1.1163506e-06
   1.1195714e-06
   1.1228033e-06
   1.1260462e-06
   1.1293002e-06
   1.1325654e-06
   1.1358417e-06
   1.1391292e-06
   1.1424279e-06
   1.1457379e-06
   1.1490592e-06
   1.1523918e-06
   1.1557358e-06
   1.1590911e-06
   1.1624579e-06
   1.1658361e-06
   1.1692259e-06
   1.1726271e-06
   1.1760399e-06
   1.1794643e-06
   1.1829004e-06
   1.1863481e-06
   1.1898075e-06
   1.1932786e-06
   1.1967615e-06
   1.2002561e-06
   1.2037627e-06
   1.2072810e-06
   1.2108113e-06
   1.2143535e-06
   1.2179077e-06
   1.2214739e-06
   1.2250521e-06
   1.2286424e-06
   1.2322448e-06
   1.2358593e-06
   1.2394860e-06
   1.2431249e-06
   1.2467761e-06
   1.2504395e-06
   1.2541153e-06
   1.2578034e-06
   1.2615039e-06
   1.2652168e-06
   1.2689422e-06
   1.2726801e-06
   1.2764305e-06
   1.2801934e-06
   1.2839690e-06
   1.2877572e-06
   1.2915580e-06
   1.2953716e-06
   1.2991979e-06
   1.3030370e-06
   1.3068889e-06
   1.3107536e-06
   1.3146313e-06
   1.3185218e-06
   1.3224253e-06
   1.3263419e-06
   1.3302714e-06
   1.3342140e-06
   1.3381697e-06
   1.3421386e-06
   1.3461206e-06
   1.3501158e-06
   1.3541243e-06
   1.3581461e-06
   1.3621812e-06
   1.3662297e-06
   1.3702916e-06
   1.3743669e-06
   1.3784557e-06
   1.3825580e-06
   1.3866738e-06
   1.3908033e-06
   1.3949463e-06
   1.3991031e-06
   1.4032735e-06
   1.4074577e-06
   1.4116556e-06
   1.4158674e-06
   1.4200930e-06
   1.4243325e-06
   1.4285859e-06
   1.4328533e-06
   1.4371347e-06
   1.4414302e-06
   1.4457397e-06
   1.4500634e-06
   1.4544012e-06
   1.4587533e-06
   1.4631195e-06
   1.4675001e-06
   1.4718950e-06
   1.4763042e-06
   1.4807278e-06
   1.4851659e-06
   1.4896184e-06
   1.4940855e-06
   1.4985671e-06
   1.5030633e-06
   1.5075742e-06
   1.5120997e-06
   1.5166400e-06
   1.5211950e-06
   1.5257648e-06
   1.5303494e-06
   1.5349490e-06
   1.5395634e-06
   1.5441928e-06
   1.5488373e-06
   1.5534967e-06
   1.5581713e-06
   1.5628609e-06
   1.5675658e-06
   1.5722858e-06
   1.5770212e-06
   1.5817718e-06
   1.5865377e-06
   1.5913190e-06
   1.5961157e-06
   1.6009279e-06
   1.6057556e-06
   1.6105989e-06
   1.6154577e-06
   1.6203322e-06
   1.6252223e-06
   1.6301282e-06
   1.6350498e-06
   1.6399872e-06
   1.6449405e-06
   1.6499096e-06
   1.6548947e-06
   1.6598958e-06
   1.6649129e-06
   1.6699461e-06
   1.6749953e-06
   1.6800608e-06
   1.6851424e-06
   1.6902402e-06
   1.6953544e-06
   1.7004849e-06
   1.7056317e-06
   1.7107950e-06
   1.7159748e-06
   1.7211710e-06
   1.7263838e-06
   1.7316132e-06
   1.7368593e-06
   1.7421221e-06
   1.7474016e-06
   1.7526979e-06
   1.7580110e-06
   1.7633410e-06
   1.7686879e-06
   1.7740518e-06
   1.7794327e-06
   1.7848307e-06
   1.7902457e-06
   1.7956780e-06
   1.8011274e-06
   1.8065941e-06
   1.8120781e-06
   1.8175795e-06
   1.8230982e-06
   1.8286344e-06
   1.8341881e-06
   1.8397593e-06
   1.8453481e-06
   1.8509546e-06
   1.8565787e-06
   1.8622206e-06
   1.8678803e-06
   1.8735578e-06
   1.8792531e-06
   1.8849665e-06
   1.8906978e-06
   1.8964471e-06
   1.9022145e-06
   1.9080000e-06
   1.9138038e-06
   1.9196257e-06
   1.9254660e-06
   1.9313246e-06
   1.9372015e-06
   1.9430969e-06
   1.9490108e-06
   1.9549433e-06
   1.9608943e-06
   1.9668640e-06
   1.9728524e-06
   1.9788595e-06
   1.9848854e-06
   1.9909302e-06
   1.9969939e-06
   2.0030765e-06
   2.0091782e-06
   2.0152989e-06
   2.0214388e-06
   2.0275978e-06
   2.0337760e-06
   2.0399735e-06
   2.0461904e-06
   2.0524267e-06
   2.0586824e-06
   2.0649576e-06
   2.0712523e-06
   2.0775667e-06
   2.0839007e-06
   2.0902545e-06
   2.0966280e-06
   2.1030213e-06
   2.1094346e-06
   2.1158678e-06
   2.1223210e-06
   2.1287942e-06
   2.1352876e-06
   2.1418012e-06
   2.1483349e-06
   2.1548890e-06
   2.1614634e-06
   2.1680582e-06
   2.1746735e-06
   2.1813093e-06
   2.1879657e-06
   2.1946427e-06
   2.2013404e-06
   2.2080588e-06
   2.2147981e-06
   2.2215583e-06
   2.2283394e-06
   2.2351414e-06
   2.2419646e-06
   2.2488088e-06
   2.2556743e-06
   2.2625609e-06
   2.2694689e-06
   2.2763982e-06
   2.2833490e-06
   2.2903212e-06
   2.2973150e-06
   2.3043304e-06
   2.3113675e-06
   2.3184263e-06
   2.3255069e-06
   2.3326093e-06
   2.3397337e-06
   2.3468801e-06
   2.3540485e-06
   2.3612390e-06
   2.3684517e-06
   2.3756867e-06
   2.3829439e-06
   2.3902236e-06
   2.3975257e-06
   2.4048503e-06
   2.4121974e-06
   2.4195672e-06
   2.4269597e-06
   2.4343750e-06
   2.4418131e-06
   2.4492741e-06
   2.4567581e-06
   2.4642651e-06
   2.4717953e-06
   2.4793486e-06
   2.4869251e-06
   2.4945250e-06
   2.5021483e-06
   2.5097950e-06
   2.5174652e-06
   2.5251590e-06
   2.5328765e-06
   2.5406177e-06
   2.5483827e-06
   2.5561716e-06
   2.5639844e-06
   2.5718212e-06
   2.5796821e-06
   2.5875672e-06
   2.5954765e-06
   2.6034101e-06
   2.6113681e-06
   2.6193505e-06
   2.6273574e-06
   2.6353890e-06
   2.6434452e-06
   2.6515261e-06
   2.6596319e-06
   2.6677626e-06
   2.6759182e-06
   2.6840988e-06
   2.6923046e-06
   2.7005356e-06
   2.7087918e-06
   2.7170734e-06
   2.7253804e-06
   2.7337129e-06
   2.7420709e-06
   2.7504547e-06
   2.7588641e-06
   2.7672994e-06
   2.7757605e-06
   2.7842476e-06
   2.7927607e-06
   2.8013000e-06
   2.8098655e-06
   2.8184572e-06
   2.8270753e-06
   2.8357199e-06
   2.8443910e-06
   2.8530886e-06
   2.8618130e-06
   2.8705641e-06
   2.8793421e-06
   2.8881470e-06
   2.8969789e-06
   2.9058380e-06
   2.9147242e-06
   2.9236376e-06
   2.9325784e-06
   2.9415466e-06
   2.9505424e-06
   2.9595657e-06
   2.9686168e-06
   2.9776956e-06
   2.9868022e-06
   2.9959368e-06
   3.0050995e-06
   3.0142902e-06
   3.0235092e-06
   3.0327564e-06
   3.0420320e-06
   3.0513361e-06
   3.0606687e-06
   3.0700300e-06
   3.0794200e-06
   3.0888388e-06
   3.0982865e-06
   3.1077632e-06
   3.1172691e-06
   3.1268041e-06
   3.1363683e-06
   3.1459620e-06
   3.1555850e-06
   3.1652377e-06
   3.1749199e-06
   3.1846319e-06
   3.1943738e-06
   3.2041455e-06
   3.2139473e-06
   3.2237791e-06
   3.2336412e-06
   3.2435335e-06
   3.2534563e-06
   3.2634095e-06
   3.2733933e-06
   3.2834078e-06
   3.2934531e-06
   3.3035292e-06
   3.3136363e-06
   3.3237745e-06
   3.3339438e-06
   3.3441444e-06
   3.3543764e-06
   3.3646398e-06
   3.3749348e-06
   3.3852614e-06
   3.3956198e-06
   3.4060101e-06
   3.4164323e-06
   3.4268865e-06
   3.4373730e-06
   3.4478917e-06
   3.4584428e-06
   3.4690263e-06
   3.4796424e-06
   3.4902912e-06
   3.5009728e-06
   3.5116873e-06
   3.5224347e-06
   3.5332153e-06
   3.5440290e-06
   3.5548761e-06
   3.5657566e-06
   3.5766706e-06
   3.5876182e-06
   3.5985996e-06
   3.6096148e-06
   3.6206639e-06
   3.6317471e-06
   3.6428645e-06
   3.6540161e-06
   3.6652022e-06
   3.6764227e-06
   3.6876778e-06
   3.6989677e-06
   3.7102924e-06
   3.7216520e-06
   3.7330467e-06
   3.7444766e-06
   3.7559417e-06
   3.7674422e-06
   3.7789782e-06
   3.7905499e-06
   3.8021573e-06
   3.8138005e-06
   3.8254797e-06
   3.8371950e-06
   3.8489465e-06
   3.8607343e-06
   3.8725585e-06
   3.8844192e-06
   3.8963167e-06
   3.9082509e-06
   3.9202220e-06
   3.9322302e-06
   3.9442755e-06
   3.9563580e-06
   3.9684779e-06
   3.9806354e-06
   3.9928304e-06
   4.0050632e-06
   4.0173339e-06
   4.0296426e-06
   4.0419894e-06
   4.0543744e-06
   4.0667978e-06
   4.0792596e-06
   4.0917601e-06
   4.1042993e-06
   4.1168774e-06
   4.1294944e-06
   4.1421506e-06
   4.1548460e-06
   4.1675808e-06
   4.1803550e-06
   4.1931689e-06
   4.2060226e-06
   4.2189161e-06
   4.2318497e-06
   4.2448233e-06
   4.2578373e-06
   4.2708917e-06
   4.2839865e-06
   4.2971221e-06
   4.3102985e-06
   4.3235157e-06
   4.3367741e-06
   4.3500736e-06
   4.3634145e-06
   4.3767969e-06
   4.3902208e-06
   4.4036865e-06
   4.4171941e-06
   4.4307436e-06
   4.4443353e-06
   4.4579693e-06
   4.4716458e-06
   4.4853647e-06
   4.4991264e-06
   4.5129309e-06
   4.5267784e-06
   4.5406690e-06
   4.5546029e-06
   4.5685802e-06
   4.5826010e-06
   4.5966655e-06
   4.6107738e-06
   4.6249261e-06
   4.6391226e-06
   4.6533632e-06
   4.6676483e-06
   4.6819779e-06
   4.6963522e-06
   4.7107714e-06
   4.7252355e-06
   4.7397448e-06
   4.7542993e-06
   4.7688993e-06
   4.7835449e-06
   4.7982361e-06
   4.8129733e-06
   4.8277565e-06
   4.8425858e-06
   4.8574615e-06
   4.8723837e-06
   4.8873525e-06
   4.9023680e-06
   4.9174306e-06
   4.9325402e-06
   4.9476970e-06
   4.9629012e-06
   4.9781530e-06
   4.9934526e-06
   5.0087999e-06
   5.0241953e-06
   5.0396389e-06
   5.0551308e-06
   5.0706712e-06
   5.0862603e-06
   5.1018981e-06
   5.1175850e-06
   5.1333209e-06
   5.1491062e-06
   5.1649409e-06
   5.1808253e-06
   5.1967594e-06
   5.2127435e-06
   5.2287776e-06
   5.2448621e-06
   5.2609969e-06
   5.2771824e-06
   5.2934187e-06
   5.3097058e-06
   5.3260441e-06
   5.3424336e-06
   5.3588746e-06
   5.3753672e-06
   5.3919115e-06
   5.4085078e-06
   5.4251562e-06
   5.4418569e-06
   5.4586100e-06
   5.4754157e-06
   5.4922743e-06
   5.5091858e-06
   5.5261504e-06
   5.5431684e-06
   5.5602399e-06
   5.5773650e-06
   5.5945439e-06
   5.6117769e-06
   5.6290641e-06
   5.6464057e-06
   5.6638017e-06
   5.6812526e-06
   5.6987583e-06
   5.7163191e-06
   5.7339352e-06
   5.7516067e-06
   5.7693339e-06
   5.7871168e-06
   5.8049558e-06
   5.8228509e-06
   5.8408024e-06
   5.8588105e-06
   5.8768752e-06
   5.8949969e-06
   5.9131757e-06
   5.9314118e-06
   5.9497053e-06
   5.9680565e-06
   5.9864655e-06
   6.0049326e-06
   6.0234579e-06
   6.0420417e-06
   6.0606840e-06
   6.0793852e-06
   6.0981453e-06
   6.1169646e-06
   6.1358433e-06
   6.1547816e-06
   6.1737796e-06
   6.1928376e-06
   6.2119558e-06
   6.2311343e-06
   6.2503734e-06
   6.2696732e-06
   6.2890339e-06
   6.3084558e-06
   6.3279391e-06
   6.3474838e-06
   6.3670904e-06
   6.3867589e-06
   6.4064895e-06
   6.4262824e-06
   6.4461380e-06
   6.4660563e-06
   6.4860375e-06
   6.5060819e-06
   6.5261897e-06
   6.5463611e-06
   6.5665962e-06
   6.5868954e-06
   6.6072587e-06
   6.6276865e-06
   6.6481788e-06
   6.6687360e-06
   6.6893583e-06
   6.7100458e-06
   6.7307987e-06
   6.7516174e-06
   6.7725019e-06
   6.7934525e-06
   6.8144695e-06
   6.8355530e-06
   6.8567032e-06
   6.8779204e-06
   6.8992048e-06
   6.9205566e-06
   6.9419761e-06
   6.9634633e-06
   6.9850186e-06
   7.0066423e-06
   7.0283344e-06
   7.0500952e-06
   7.0719250e-06
   7.0938240e-06
   7.1157924e-06
   7.1378303e-06
   7.1599382e-06
   7.1821161e-06
   7.2043643e-06
   7.2266831e-06
   7.2490726e-06
   7.2715330e-06
   7.2940648e-06
   7.3166679e-06
   7.3393427e-06
   7.3620895e-06
   7.3849084e-06
   7.4077997e-06
   7.4307635e-06
   7.4538003e-06
   7.4769101e-06
   7.5000932e-06
   7.5233499e-06
   7.5466803e-06
   7.5700848e-06
   7.5935636e-06
   7.6171169e-06
   7.6407449e-06
   7.6644480e-06
   7.6882262e-06
   7.7120800e-06
   7.7360094e-06
   7.7600148e-06
   7.7840965e-06
   7.8082546e-06
   7.8324893e-06
   7.8568011e-06
   7.8811900e-06
   7.9056564e-06
   7.9302005e-06
   7.9548225e-06
   7.9795227e-06
   8.0043014e-06
   8.0291588e-06
   8.0540951e-06
   8.0791106e-06
   8.1042056e-06
   8.1293803e-06
   8.1546350e-06
   8.1799700e-06
   8.2053854e-06
   8.2308815e-06
   8.2564587e-06
   8.2821172e-06
   8.3078571e-06
   8.3336789e-06
   8.3595827e-06
   8.3855689e-06
   8.4116376e-06
   8.4377892e-06
   8.4640239e-06
   8.4903419e-06
   8.5167436e-06
   8.5432293e-06
   8.5697991e-06
   8.5964533e-06
   8.6231923e-06
   8.6500163e-06
   8.6769256e-06
   8.7039204e-06
   8.7310010e-06
   8.7581677e-06
   8.7854208e-06
   8.8127605e-06
   8.8401871e-06
   8.8677010e-06
   8.8953023e-06
   8.9229914e-06
   8.9507685e-06
   8.9786339e-06
   9.0065879e-06
   9.0346309e-06
   9.0627629e-06
   9.0909845e-06
   9.1192957e-06
   9.1476971e-06
   9.1761887e-06
   9.2047709e-06
   9.2334440e-06
   9.2622083e-06
   9.2910640e-06
   9.3200115e-06
   9.3490511e-06
   9.3781830e-06
   9.4074076e-06
   9.4367251e-06
   9.4661358e-06
   9.4956401e-06
   9.5252382e-06
   9.5549304e-06
   9.5847171e-06
   9.6145985e-06
   9.6445749e-06
   9.6746466e-06
   9.7048140e-06
   9.7350773e-06
   9.7654369e-06
   9.7958930e-06
   9.8264459e-06
   9.8570961e-06
   9.8878437e-06
   9.9186891e-06
   9.9496325e-06
   9.9806744e-06
   1.0011815e-05
   1.0043055e-05
   1.0074394e-05
   1.0105832e-05
   1.0137371e-05
   1.0169010e-05
   1.0200749e-05
   1.0232590e-05
   1.0264531e-05
