   9.2078836e-08
   9.2079844e-08
   9.2081105e-08
   9.2082617e-08
   9.2084382e-08
   9.2086398e-08
   9.2088667e-08
   9.2091188e-08
   9.2093961e-08
   9.2096986e-08
   9.2100263e-08
   9.2103792e-08
   9.2107572e-08
   9.2111605e-08
   9.2115890e-08
   9.2120427e-08
   9.2125216e-08
   9.2130256e-08
   9.2135549e-08
   9.2141093e-08
   9.2146890e-08
   9.2152938e-08
   9.2159238e-08
   9.2165789e-08
   9.2172593e-08
   9.2179648e-08
   9.2186955e-08
   9.2194514e-08
   9.2202324e-08
   9.2210386e-08
   9.2218699e-08
   9.2227264e-08
   9.2236081e-08
   9.2245149e-08
   9.2254468e-08
   9.2264039e-08
   9.2273861e-08
   9.2283935e-08
   9.2294260e-08
   9.2304836e-08
   9.2315664e-08
   9.2326743e-08
   9.2338072e-08
   9.2349653e-08
   9.2361485e-08
   9.2373568e-08
   9.2385902e-08
   9.2398487e-08
   9.2411323e-08
   9.2424410e-08
   9.2437747e-08
   9.2451335e-08
   9.2465174e-08
   9.2479264e-08
   9.2493604e-08
   9.2508194e-08
   9.2523035e-08
   9.2538127e-08
   9.2553469e-08
   9.2569061e-08
   9.2584903e-08
   9.2600996e-08
   9.2617339e-08
   9.2633932e-08
   9.2650774e-08
   9.2667867e-08
   9.2685210e-08
   9.2702802e-08
   9.2720645e-08
   9.2738736e-08
   9.2757078e-08
   9.2775669e-08
   9.2794510e-08
   9.2813600e-08
   9.2832939e-08
   9.2852528e-08
   9.2872366e-08
   9.2892453e-08
   9.2912789e-08
   9.2933374e-08
   9.2954208e-08
   9.2975291e-08
   9.2996622e-08
   9.3018202e-08
   9.3040031e-08
   9.3062109e-08
   9.3084435e-08
   9.3107009e-08
   9.3129831e-08
   9.3152902e-08
   9.3176221e-08
   9.3199788e-08
   9.3223603e-08
   9.3247666e-08
   9.3271976e-08
   9.3296535e-08
   9.3321341e-08
   9.3346394e-08
   9.3371695e-08
   9.3397243e-08
   9.3423039e-08
   9.3449081e-08
   9.3475371e-08
   9.3501908e-08
   9.3528692e-08
   9.3555722e-08
   9.3583000e-08
   9.3610523e-08
   9.3638294e-08
   9.3666311e-08
   9.3694574e-08
   9.3723083e-08
   9.3751839e-08
   9.3780841e-08
   9.3810088e-08
   9.3839582e-08
   9.3869321e-08
   9.3899306e-08
   9.3929536e-08
   9.3960012e-08
   9.3990733e-08
   9.4021699e-08
   9.4052911e-08
   9.4084367e-08
   9.4116069e-08
   9.4148015e-08
   9.4180206e-08
   9.4212642e-08
   9.4245322e-08
   9.4278247e-08
   9.4311416e-08
   9.4344829e-08
   9.4378486e-08
   9.4412387e-08
   9.4446532e-08
   9.4480920e-08
   9.4515553e-08
   9.4550428e-08
   9.4585548e-08
   9.4620910e-08
   9.4656516e-08
   9.4692365e-08
   9.4728456e-08
   9.4764791e-08
   9.4801368e-08
   9.4838188e-08
   9.4875251e-08
   9.4912555e-08
   9.4950102e-08
   9.4987892e-08
   9.5025923e-08
   9.5064196e-08
   9.5102711e-08
   9.5141467e-08
   9.5180466e-08
   9.5219705e-08
   9.5259186e-08
   9.5298908e-08
   9.5338871e-08
   9.5379075e-08
   9.5419520e-08
   9.5460206e-08
   9.5501132e-08
   9.5542299e-08
   9.5583706e-08
   9.5625353e-08
   9.5667241e-08
   9.5709368e-08
   9.5751735e-08
   9.5794342e-08
   9.5837189e-08
   9.5880275e-08
   9.5923601e-08
   9.5967165e-08
   9.6010969e-08
   9.6055012e-08
   9.6099294e-08
   9.6143814e-08
   9.6188573e-08
   9.6233570e-08
   9.6278806e-08
   9.6324280e-08
   9.6369993e-08
   9.6415943e-08
   9.6462131e-08
   9.6508557e-08
   9.6555220e-08
   9.6602121e-08
   9.6649259e-08
   9.6696634e-08
   9.6744247e-08
   9.6792096e-08
   9.6840183e-08
   9.6888506e-08
   9.6937065e-08
   9.6985861e-08
   9.7034894e-08
   9.7084162e-08
   9.7133667e-08
   9.7183408e-08
   9.7233384e-08
   9.7283596e-08
   9.7334044e-08
   9.7384727e-08
   9.7435646e-08
   9.7486799e-08
   9.7538188e-08
   9.7589812e-08
   9.7641670e-08
   9.7693763e-08
   9.7746091e-08
   9.7798653e-08
   9.7851450e-08
   9.7904480e-08
   9.7957745e-08
   9.8011243e-08
   9.8064975e-08
   9.8118941e-08
   9.8173141e-08
   9.8227574e-08
   9.8282240e-08
   9.8337139e-08
   9.8392272e-08
   9.8447637e-08
   9.8503235e-08
   9.8559066e-08
   9.8615129e-08
   9.8671425e-08
   9.8727953e-08
   9.8784713e-08
   9.8841705e-08
   9.8898929e-08
   9.8956385e-08
   9.9014073e-08
   9.9071992e-08
   9.9130142e-08
   9.9188524e-08
   9.9247137e-08
   9.9305981e-08
   9.9365056e-08
   9.9424362e-08
   9.9483898e-08
   9.9543665e-08
   9.9603663e-08
   9.9663891e-08
   9.9724349e-08
   9.9785037e-08
   9.9845955e-08
   9.9907103e-08
   9.9968481e-08
   1.0003009e-07
   1.0009193e-07
   1.0015399e-07
   1.0021629e-07
   1.0027881e-07
   1.0034157e-07
   1.0040455e-07
   1.0046776e-07
   1.0053120e-07
   1.0059487e-07
   1.0065877e-07
   1.0072289e-07
   1.0078725e-07
   1.0085183e-07
   1.0091664e-07
   1.0098168e-07
   1.0104694e-07
   1.0111244e-07
   1.0117816e-07
   1.0124411e-07
   1.0131028e-07
   1.0137669e-07
   1.0144332e-07
   1.0151018e-07
   1.0157726e-07
   1.0164457e-07
   1.0171211e-07
   1.0177988e-07
   1.0184787e-07
   1.0191609e-07
   1.0198453e-07
   1.0205320e-07
   1.0212210e-07
   1.0219122e-07
   1.0226057e-07
   1.0233015e-07
   1.0239995e-07
   1.0246997e-07
   1.0254022e-07
   1.0261070e-07
   1.0268140e-07
   1.0275233e-07
   1.0282349e-07
   1.0289487e-07
   1.0296647e-07
   1.0303830e-07
   1.0311035e-07
   1.0318263e-07
   1.0325513e-07
   1.0332786e-07
   1.0340081e-07
   1.0347399e-07
   1.0354739e-07
   1.0362101e-07
   1.0369486e-07
   1.0376894e-07
   1.0384324e-07
   1.0391776e-07
   1.0399250e-07
   1.0406747e-07
   1.0414266e-07
   1.0421808e-07
   1.0429372e-07
   1.0436959e-07
   1.0444567e-07
   1.0452198e-07
   1.0459852e-07
   1.0467527e-07
   1.0475225e-07
   1.0482946e-07
   1.0490688e-07
   1.0498453e-07
   1.0506241e-07
   1.0514050e-07
   1.0521882e-07
   1.0529736e-07
   1.0537612e-07
   1.0545511e-07
   1.0553432e-07
   1.0561375e-07
   1.0569340e-07
   1.0577328e-07
   1.0585337e-07
   1.0593369e-07
   1.0601424e-07
   1.0609500e-07
   1.0617599e-07
   1.0625719e-07
   1.0633863e-07
   1.0642028e-07
   1.0650215e-07
   1.0658425e-07
   1.0666657e-07
   1.0674911e-07
   1.0683187e-07
   1.0691485e-07
   1.0699806e-07
   1.0708148e-07
   1.0716513e-07
   1.0724900e-07
   1.0733309e-07
   1.0741741e-07
   1.0750194e-07
   1.0758670e-07
   1.0767167e-07
   1.0775687e-07
   1.0784229e-07
   1.0792793e-07
   1.0801380e-07
   1.0809988e-07
   1.0818618e-07
   1.0827271e-07
   1.0835946e-07
   1.0844643e-07
   1.0853362e-07
   1.0862103e-07
   1.0870866e-07
   1.0879651e-07
   1.0888459e-07
   1.0897288e-07
   1.0906140e-07
   1.0915013e-07
   1.0923909e-07
   1.0932827e-07
   1.0941767e-07
   1.0950729e-07
   1.0959714e-07
   1.0968720e-07
   1.0977749e-07
   1.0986799e-07
   1.0995872e-07
   1.1004967e-07
   1.1014084e-07
   1.1023223e-07
   1.1032384e-07
   1.1041567e-07
   1.1050772e-07
   1.1060000e-07
   1.1069249e-07
   1.1078521e-07
   1.1087815e-07
   1.1097131e-07
   1.1106469e-07
   1.1115829e-07
   1.1125211e-07
   1.1134615e-07
   1.1144042e-07
   1.1153490e-07
   1.1162961e-07
   1.1172454e-07
   1.1181969e-07
   1.1191506e-07
   1.1201066e-07
   1.1210647e-07
   1.1220251e-07
   1.1229876e-07
   1.1239524e-07
   1.1249194e-07
   1.1258887e-07
   1.1268601e-07
   1.1278338e-07
   1.1288096e-07
   1.1297877e-07
   1.1307680e-07
   1.1317506e-07
   1.1327353e-07
   1.1337223e-07
   1.1347115e-07
   1.1357029e-07
   1.1366965e-07
   1.1376924e-07
   1.1386905e-07
   1.1396908e-07
   1.1406933e-07
   1.1416980e-07
   1.1427050e-07
   1.1437142e-07
   1.1447256e-07
   1.1457393e-07
   1.1467552e-07
   1.1477733e-07
   1.1487936e-07
   1.1498162e-07
   1.1508410e-07
   1.1518680e-07
   1.1528973e-07
   1.1539288e-07
   1.1549625e-07
   1.1559984e-07
   1.1570366e-07
   1.1580771e-07
   1.1591197e-07
   1.1601646e-07
   1.1612118e-07
   1.1622612e-07
   1.1633128e-07
   1.1643667e-07
   1.1654228e-07
   1.1664811e-07
   1.1675417e-07
   1.1686045e-07
   1.1696696e-07
   1.1707369e-07
   1.1718065e-07
   1.1728783e-07
   1.1739524e-07
   1.1750287e-07
   1.1761073e-07
   1.1771881e-07
   1.1782712e-07
   1.1793566e-07
   1.1804442e-07
   1.1815340e-07
   1.1826261e-07
   1.1837205e-07
   1.1848171e-07
   1.1859160e-07
   1.1870172e-07
   1.1881206e-07
   1.1892263e-07
   1.1903342e-07
   1.1914444e-07
   1.1925569e-07
   1.1936717e-07
   1.1947887e-07
   1.1959080e-07
   1.1970296e-07
   1.1981534e-07
   1.1992796e-07
   1.2004080e-07
   1.2015386e-07
   1.2026716e-07
   1.2038069e-07
   1.2049444e-07
   1.2060842e-07
   1.2072263e-07
   1.2083707e-07
   1.2095174e-07
   1.2106663e-07
   1.2118176e-07
   1.2129711e-07
   1.2141270e-07
   1.2152851e-07
   1.2164456e-07
   1.2176083e-07
   1.2187734e-07
   1.2199407e-07
   1.2211103e-07
   1.2222823e-07
   1.2234566e-07
   1.2246331e-07
   1.2258120e-07
   1.2269932e-07
   1.2281767e-07
   1.2293625e-07
   1.2305507e-07
   1.2317411e-07
   1.2329339e-07
   1.2341290e-07
   1.2353264e-07
   1.2365262e-07
   1.2377282e-07
   1.2389326e-07
   1.2401394e-07
   1.2413484e-07
   1.2425598e-07
   1.2437736e-07
   1.2449896e-07
   1.2462081e-07
   1.2474288e-07
   1.2486519e-07
   1.2498774e-07
   1.2511051e-07
   1.2523353e-07
   1.2535678e-07
   1.2548026e-07
   1.2560398e-07
   1.2572794e-07
   1.2585213e-07
   1.2597655e-07
   1.2610122e-07
   1.2622612e-07
   1.2635125e-07
   1.2647663e-07
   1.2660224e-07
   1.2672808e-07
   1.2685417e-07
   1.2698049e-07
   1.2710705e-07
   1.2723385e-07
   1.2736088e-07
   1.2748816e-07
   1.2761567e-07
   1.2774342e-07
   1.2787141e-07
   1.2799964e-07
   1.2812811e-07
   1.2825682e-07
   1.2838577e-07
   1.2851496e-07
   1.2864439e-07
   1.2877406e-07
   1.2890397e-07
   1.2903413e-07
   1.2916452e-07
   1.2929515e-07
   1.2942603e-07
   1.2955715e-07
   1.2968851e-07
   1.2982011e-07
   1.2995196e-07
   1.3008405e-07
   1.3021638e-07
   1.3034895e-07
   1.3048177e-07
   1.3061483e-07
   1.3074814e-07
   1.3088169e-07
   1.3101548e-07
   1.3114952e-07
   1.3128380e-07
   1.3141833e-07
   1.3155310e-07
   1.3168812e-07
   1.3182339e-07
   1.3195890e-07
   1.3209466e-07
   1.3223066e-07
   1.3236691e-07
   1.3250341e-07
   1.3264016e-07
   1.3277715e-07
   1.3291439e-07
   1.3305188e-07
   1.3318962e-07
   1.3332760e-07
   1.3346584e-07
   1.3360432e-07
   1.3374306e-07
   1.3388204e-07
   1.3402127e-07
   1.3416075e-07
   1.3430049e-07
   1.3444047e-07
   1.3458070e-07
   1.3472119e-07
   1.3486193e-07
   1.3500291e-07
   1.3514415e-07
   1.3528565e-07
   1.3542739e-07
   1.3556939e-07
   1.3571164e-07
   1.3585414e-07
   1.3599690e-07
   1.3613991e-07
   1.3628318e-07
   1.3642670e-07
   1.3657047e-07
   1.3671450e-07
   1.3685879e-07
   1.3700332e-07
   1.3714812e-07
   1.3729317e-07
   1.3743848e-07
   1.3758404e-07
   1.3772986e-07
   1.3787594e-07
   1.3802228e-07
   1.3816887e-07
   1.3831572e-07
   1.3846283e-07
   1.3861020e-07
   1.3875782e-07
   1.3890571e-07
   1.3905385e-07
   1.3920226e-07
   1.3935092e-07
   1.3949985e-07
   1.3964903e-07
   1.3979848e-07
   1.3994819e-07
   1.4009816e-07
   1.4024839e-07
   1.4039888e-07
   1.4054963e-07
   1.4070065e-07
   1.4085193e-07
   1.4100347e-07
   1.4115528e-07
   1.4130735e-07
   1.4145968e-07
   1.4161228e-07
   1.4176515e-07
   1.4191828e-07
   1.4207167e-07
   1.4222533e-07
   1.4237926e-07
   1.4253345e-07
   1.4268790e-07
   1.4284263e-07
   1.4299762e-07
   1.4315288e-07
   1.4330841e-07
   1.4346420e-07
   1.4362027e-07
   1.4377660e-07
   1.4393320e-07
   1.4409007e-07
   1.4424721e-07
   1.4440462e-07
   1.4456230e-07
   1.4472026e-07
   1.4487848e-07
   1.4503697e-07
   1.4519574e-07
   1.4535477e-07
   1.4551408e-07
   1.4567366e-07
   1.4583352e-07
   1.4599364e-07
   1.4615404e-07
   1.4631472e-07
   1.4647567e-07
   1.4663689e-07
   1.4679839e-07
   1.4696016e-07
   1.4712221e-07
   1.4728454e-07
   1.4744714e-07
   1.4761001e-07
   1.4777317e-07
   1.4793660e-07
   1.4810031e-07
   1.4826429e-07
   1.4842856e-07
   1.4859310e-07
   1.4875792e-07
   1.4892302e-07
   1.4908840e-07
   1.4925406e-07
   1.4942000e-07
   1.4958622e-07
   1.4975272e-07
   1.4991950e-07
   1.5008657e-07
   1.5025391e-07
   1.5042154e-07
   1.5058945e-07
   1.5075765e-07
   1.5092612e-07
   1.5109488e-07
   1.5126393e-07
   1.5143326e-07
   1.5160287e-07
   1.5177277e-07
   1.5194295e-07
   1.5211342e-07
   1.5228417e-07
   1.5245522e-07
   1.5262654e-07
   1.5279816e-07
   1.5297006e-07
   1.5314225e-07
   1.5331473e-07
   1.5348750e-07
   1.5366056e-07
   1.5383390e-07
   1.5400754e-07
   1.5418146e-07
   1.5435568e-07
   1.5453018e-07
   1.5470498e-07
   1.5488007e-07
   1.5505545e-07
   1.5523112e-07
   1.5540709e-07
   1.5558335e-07
   1.5575990e-07
   1.5593675e-07
   1.5611389e-07
   1.5629132e-07
   1.5646905e-07
   1.5664707e-07
   1.5682539e-07
   1.5700401e-07
   1.5718292e-07
   1.5736213e-07
   1.5754163e-07
   1.5772143e-07
   1.5790154e-07
   1.5808193e-07
   1.5826263e-07
   1.5844363e-07
   1.5862492e-07
   1.5880652e-07
   1.5898841e-07
   1.5917061e-07
   1.5935311e-07
   1.5953590e-07
   1.5971900e-07
   1.5990241e-07
   1.6008611e-07
   1.6027012e-07
   1.6045443e-07
   1.6063904e-07
   1.6082396e-07
   1.6100918e-07
   1.6119471e-07
   1.6138054e-07
   1.6156668e-07
   1.6175312e-07
   1.6193987e-07
   1.6212693e-07
   1.6231429e-07
   1.6250197e-07
   1.6268995e-07
   1.6287823e-07
   1.6306683e-07
   1.6325574e-07
   1.6344495e-07
   1.6363448e-07
   1.6382432e-07
   1.6401446e-07
   1.6420492e-07
   1.6439569e-07
   1.6458677e-07
   1.6477817e-07
   1.6496987e-07
   1.6516190e-07
   1.6535423e-07
   1.6554688e-07
   1.6573984e-07
   1.6593312e-07
   1.6612671e-07
   1.6632062e-07
   1.6651485e-07
   1.6670939e-07
   1.6690425e-07
   1.6709943e-07
   1.6729492e-07
   1.6749073e-07
   1.6768687e-07
   1.6788332e-07
   1.6808009e-07
   1.6827718e-07
   1.6847459e-07
   1.6867232e-07
   1.6887038e-07
   1.6906875e-07
   1.6926745e-07
   1.6946647e-07
   1.6966581e-07
   1.6986548e-07
   1.7006547e-07
   1.7026579e-07
   1.7046643e-07
   1.7066739e-07
   1.7086868e-07
   1.7107030e-07
   1.7127225e-07
   1.7147452e-07
   1.7167712e-07
   1.7188004e-07
   1.7208330e-07
   1.7228688e-07
   1.7249080e-07
   1.7269504e-07
   1.7289961e-07
   1.7310452e-07
   1.7330975e-07
   1.7351532e-07
   1.7372122e-07
   1.7392745e-07
   1.7413401e-07
   1.7434091e-07
   1.7454814e-07
   1.7475571e-07
   1.7496361e-07
   1.7517185e-07
   1.7538042e-07
   1.7558933e-07
   1.7579857e-07
   1.7600815e-07
   1.7621807e-07
   1.7642833e-07
   1.7663893e-07
   1.7684986e-07
   1.7706114e-07
   1.7727275e-07
   1.7748471e-07
   1.7769700e-07
   1.7790964e-07
   1.7812262e-07
   1.7833594e-07
   1.7854961e-07
   1.7876362e-07
   1.7897797e-07
   1.7919267e-07
   1.7940771e-07
   1.7962309e-07
   1.7983883e-07
   1.8005491e-07
   1.8027133e-07
   1.8048810e-07
   1.8070522e-07
   1.8092269e-07
   1.8114051e-07
   1.8135868e-07
   1.8157720e-07
   1.8179606e-07
   1.8201528e-07
   1.8223485e-07
   1.8245477e-07
   1.8267504e-07
   1.8289567e-07
   1.8311665e-07
   1.8333798e-07
   1.8355967e-07
   1.8378171e-07
   1.8400411e-07
   1.8422686e-07
   1.8444997e-07
   1.8467344e-07
   1.8489726e-07
   1.8512144e-07
   1.8534598e-07
   1.8557088e-07
   1.8579614e-07
   1.8602176e-07
   1.8624774e-07
   1.8647408e-07
   1.8670078e-07
   1.8692784e-07
   1.8715527e-07
   1.8738306e-07
   1.8761121e-07
   1.8783973e-07
   1.8806861e-07
   1.8829786e-07
   1.8852748e-07
   1.8875746e-07
   1.8898780e-07
   1.8921852e-07
   1.8944960e-07
   1.8968105e-07
   1.8991287e-07
   1.9014506e-07
   1.9037762e-07
   1.9061055e-07
   1.9084385e-07
   1.9107753e-07
   1.9131157e-07
   1.9154599e-07
   1.9178079e-07
   1.9201595e-07
   1.9225149e-07
   1.9248741e-07
   1.9272370e-07
   1.9296037e-07
   1.9319742e-07
   1.9343484e-07
   1.9367264e-07
   1.9391082e-07
   1.9414938e-07
   1.9438832e-07
   1.9462764e-07
   1.9486734e-07
   1.9510742e-07
   1.9534789e-07
   1.9558873e-07
   1.9582996e-07
   1.9607158e-07
   1.9631357e-07
   1.9655596e-07
   1.9679872e-07
   1.9704188e-07
   1.9728542e-07
   1.9752935e-07
   1.9777366e-07
   1.9801837e-07
   1.9826346e-07
   1.9850895e-07
   1.9875482e-07
   1.9900109e-07
   1.9924774e-07
   1.9949479e-07
   1.9974223e-07
   1.9999007e-07
   2.0023829e-07
   2.0048692e-07
   2.0073594e-07
   2.0098535e-07
   2.0123516e-07
   2.0148537e-07
   2.0173597e-07
   2.0198697e-07
   2.0223838e-07
   2.0249018e-07
   2.0274238e-07
   2.0299498e-07
   2.0324798e-07
   2.0350139e-07
   2.0375520e-07
   2.0400941e-07
   2.0426402e-07
   2.0451904e-07
   2.0477447e-07
   2.0503030e-07
   2.0528653e-07
   2.0554318e-07
   2.0580023e-07
   2.0605769e-07
   2.0631556e-07
   2.0657383e-07
   2.0683252e-07
   2.0709162e-07
   2.0735113e-07
   2.0761106e-07
   2.0787139e-07
   2.0813214e-07
   2.0839330e-07
   2.0865488e-07
   2.0891688e-07
   2.0917929e-07
   2.0944211e-07
   2.0970536e-07
   2.0996902e-07
   2.1023310e-07
   2.1049760e-07
   2.1076252e-07
   2.1102786e-07
   2.1129363e-07
   2.1155981e-07
   2.1182642e-07
   2.1209345e-07
   2.1236091e-07
   2.1262879e-07
   2.1289709e-07
   2.1316583e-07
   2.1343499e-07
   2.1370457e-07
   2.1397459e-07
   2.1424503e-07
   2.1451591e-07
   2.1478721e-07
   2.1505895e-07
   2.1533111e-07
   2.1560371e-07
   2.1587675e-07
   2.1615021e-07
   2.1642412e-07
   2.1669845e-07
   2.1697323e-07
   2.1724844e-07
   2.1752408e-07
   2.1780017e-07
   2.1807669e-07
   2.1835366e-07
   2.1863106e-07
   2.1890891e-07
   2.1918720e-07
   2.1946593e-07
   2.1974510e-07
   2.2002472e-07
   2.2030478e-07
   2.2058528e-07
   2.2086624e-07
   2.2114764e-07
   2.2142949e-07
   2.2171178e-07
   2.2199453e-07
   2.2227772e-07
   2.2256137e-07
   2.2284547e-07
   2.2313002e-07
   2.2341502e-07
   2.2370047e-07
   2.2398638e-07
   2.2427275e-07
   2.2455957e-07
   2.2484685e-07
   2.2513458e-07
   2.2542278e-07
   2.2571143e-07
   2.2600054e-07
   2.2629011e-07
   2.2658015e-07
   2.2687064e-07
   2.2716160e-07
   2.2745302e-07
   2.2774491e-07
   2.2803726e-07
   2.2833008e-07
   2.2862336e-07
   2.2891711e-07
   2.2921133e-07
   2.2950602e-07
   2.2980118e-07
   2.3009681e-07
   2.3039291e-07
   2.3068948e-07
   2.3098653e-07
   2.3128405e-07
   2.3158204e-07
   2.3188051e-07
   2.3217946e-07
   2.3247888e-07
   2.3277878e-07
   2.3307916e-07
   2.3338002e-07
   2.3368136e-07
   2.3398318e-07
   2.3428548e-07
   2.3458826e-07
   2.3489153e-07
   2.3519528e-07
   2.3549952e-07
   2.3580425e-07
   2.3610946e-07
   2.3641515e-07
   2.3672134e-07
   2.3702802e-07
   2.3733518e-07
   2.3764284e-07
   2.3795099e-07
   2.3825963e-07
   2.3856877e-07
   2.3887840e-07
   2.3918852e-07
   2.3949914e-07
   2.3981026e-07
   2.4012188e-07
   2.4043399e-07
   2.4074661e-07
   2.4105972e-07
   2.4137334e-07
   2.4168746e-07
   2.4200208e-07
   2.4231720e-07
   2.4263283e-07
   2.4294897e-07
   2.4326561e-07
   2.4358276e-07
   2.4390041e-07
   2.4421858e-07
   2.4453726e-07
   2.4485644e-07
   2.4517614e-07
   2.4549635e-07
   2.4581708e-07
   2.4613832e-07
   2.4646007e-07
   2.4678235e-07
   2.4710513e-07
   2.4742844e-07
   2.4775227e-07
   2.4807661e-07
   2.4840148e-07
   2.4872686e-07
   2.4905277e-07
   2.4937921e-07
   2.4970617e-07
   2.5003365e-07
   2.5036166e-07
   2.5069019e-07
   2.5101926e-07
   2.5134885e-07
   2.5167898e-07
   2.5200963e-07
   2.5234082e-07
   2.5267254e-07
   2.5300479e-07
   2.5333758e-07
   2.5367090e-07
   2.5400476e-07
   2.5433915e-07
   2.5467409e-07
   2.5500956e-07
   2.5534558e-07
   2.5568213e-07
   2.5601923e-07
   2.5635687e-07
   2.5669506e-07
   2.5703379e-07
   2.5737306e-07
   2.5771289e-07
   2.5805326e-07
   2.5839418e-07
   2.5873565e-07
   2.5907767e-07
   2.5942024e-07
   2.5976337e-07
   2.6010705e-07
   2.6045128e-07
   2.6079607e-07
   2.6114142e-07
   2.6148732e-07
   2.6183378e-07
   2.6218081e-07
   2.6252839e-07
   2.6287653e-07
   2.6322524e-07
   2.6357451e-07
   2.6392435e-07
   2.6427475e-07
   2.6462572e-07
   2.6497726e-07
   2.6532936e-07
   2.6568204e-07
   2.6603528e-07
   2.6638910e-07
   2.6674349e-07
   2.6709845e-07
   2.6745399e-07
   2.6781011e-07
   2.6816680e-07
   2.6852407e-07
   2.6888192e-07
   2.6924035e-07
   2.6959936e-07
   2.6995895e-07
   2.7031912e-07
   2.7067988e-07
   2.7104123e-07
   2.7140316e-07
   2.7176568e-07
   2.7212878e-07
   2.7249248e-07
   2.7285677e-07
   2.7322165e-07
   2.7358712e-07
   2.7395318e-07
   2.7431984e-07
   2.7468710e-07
   2.7505495e-07
   2.7542340e-07
   2.7579245e-07
   2.7616210e-07
   2.7653235e-07
   2.7690320e-07
   2.7727466e-07
   2.7764672e-07
   2.7801938e-07
   2.7839266e-07
   2.7876654e-07
   2.7914103e-07
   2.7951613e-07
   2.7989184e-07
   2.8026816e-07
   2.8064510e-07
   2.8102265e-07
   2.8140082e-07
   2.8177960e-07
   2.8215900e-07
   2.8253902e-07
   2.8291966e-07
   2.8330092e-07
   2.8368280e-07
   2.8406531e-07
   2.8444844e-07
   2.8483220e-07
   2.8521658e-07
   2.8560159e-07
   2.8598723e-07
   2.8637350e-07
   2.8676040e-07
   2.8714794e-07
   2.8753610e-07
   2.8792491e-07
   2.8831435e-07
   2.8870442e-07
   2.8909514e-07
   2.8948649e-07
   2.8987848e-07
   2.9027112e-07
   2.9066440e-07
   2.9105832e-07
   2.9145289e-07
   2.9184810e-07
   2.9224396e-07
   2.9264047e-07
   2.9303764e-07
   2.9343545e-07
   2.9383391e-07
   2.9423303e-07
   2.9463280e-07
   2.9503323e-07
   2.9543432e-07
   2.9583606e-07
   2.9623847e-07
   2.9664153e-07
   2.9704526e-07
   2.9744965e-07
   2.9785470e-07
   2.9826042e-07
   2.9866681e-07
   2.9907386e-07
   2.9948158e-07
   2.9988998e-07
   3.0029905e-07
   3.0070878e-07
   3.0111920e-07
   3.0153029e-07
   3.0194205e-07
   3.0235449e-07
   3.0276762e-07
   3.0318142e-07
   3.0359590e-07
   3.0401107e-07
   3.0442692e-07
   3.0484346e-07
   3.0526068e-07
   3.0567860e-07
   3.0609720e-07
   3.0651649e-07
   3.0693647e-07
   3.0735715e-07
   3.0777852e-07
   3.0820058e-07
   3.0862335e-07
   3.0904681e-07
   3.0947097e-07
   3.0989583e-07
   3.1032139e-07
   3.1074766e-07
   3.1117463e-07
   3.1160231e-07
   3.1203069e-07
   3.1245978e-07
   3.1288959e-07
   3.1332010e-07
   3.1375132e-07
   3.1418326e-07
   3.1461592e-07
   3.1504929e-07
   3.1548338e-07
   3.1591819e-07
   3.1635371e-07
   3.1678996e-07
   3.1722694e-07
   3.1766463e-07
   3.1810306e-07
   3.1854221e-07
   3.1898209e-07
   3.1942269e-07
   3.1986403e-07
   3.2030610e-07
   3.2074891e-07
   3.2119245e-07
   3.2163673e-07
   3.2208174e-07
   3.2252750e-07
   3.2297399e-07
   3.2342123e-07
   3.2386921e-07
   3.2431793e-07
   3.2476740e-07
   3.2521762e-07
   3.2566859e-07
   3.2612031e-07
   3.2657278e-07
   3.2702600e-07
   3.2747998e-07
   3.2793471e-07
   3.2839020e-07
   3.2884645e-07
   3.2930346e-07
   3.2976123e-07
   3.3021976e-07
   3.3067906e-07
   3.3113912e-07
   3.3159995e-07
   3.3206155e-07
   3.3252392e-07
   3.3298706e-07
   3.3345097e-07
   3.3391566e-07
   3.3438112e-07
   3.3484736e-07
   3.3531438e-07
   3.3578218e-07
   3.3625076e-07
   3.3672013e-07
   3.3719028e-07
   3.3766121e-07
   3.3813293e-07
   3.3860544e-07
   3.3907874e-07
   3.3955284e-07
   3.4002772e-07
   3.4050340e-07
   3.4097988e-07
   3.4145716e-07
   3.4193523e-07
   3.4241411e-07
   3.4289378e-07
   3.4337426e-07
   3.4385555e-07
   3.4433764e-07
   3.4482054e-07
   3.4530425e-07
   3.4578877e-07
   3.4627411e-07
   3.4676026e-07
   3.4724722e-07
   3.4773500e-07
   3.4822361e-07
   3.4871303e-07
   3.4920327e-07
   3.4969434e-07
   3.5018623e-07
   3.5067895e-07
   3.5117249e-07
   3.5166687e-07
   3.5216207e-07
   3.5265811e-07
   3.5315499e-07
   3.5365270e-07
   3.5415124e-07
   3.5465063e-07
   3.5515086e-07
   3.5565193e-07
   3.5615384e-07
   3.5665660e-07
   3.5716020e-07
   3.5766465e-07
   3.5816996e-07
   3.5867611e-07
   3.5918312e-07
   3.5969098e-07
   3.6019970e-07
   3.6070928e-07
   3.6121971e-07
   3.6173101e-07
   3.6224317e-07
   3.6275620e-07
   3.6327009e-07
   3.6378485e-07
   3.6430048e-07
   3.6481698e-07
   3.6533435e-07
   3.6585260e-07
   3.6637172e-07
   3.6689172e-07
   3.6741260e-07
   3.6793436e-07
   3.6845700e-07
   3.6898053e-07
   3.6950494e-07
   3.7003024e-07
   3.7055643e-07
   3.7108351e-07
   3.7161149e-07
   3.7214036e-07
   3.7267012e-07
   3.7320078e-07
   3.7373234e-07
   3.7426480e-07
   3.7479816e-07
   3.7533243e-07
   3.7586761e-07
   3.7640369e-07
   3.7694068e-07
   3.7747858e-07
   3.7801740e-07
   3.7855713e-07
   3.7909777e-07
   3.7963934e-07
   3.8018182e-07
   3.8072523e-07
   3.8126956e-07
   3.8181481e-07
   3.8236099e-07
   3.8290810e-07
   3.8345614e-07
   3.8400511e-07
   3.8455502e-07
   3.8510586e-07
   3.8565764e-07
   3.8621035e-07
   3.8676401e-07
   3.8731861e-07
   3.8787416e-07
   3.8843065e-07
   3.8898809e-07
   3.8954648e-07
   3.9010582e-07
   3.9066611e-07
   3.9122736e-07
   3.9178957e-07
   3.9235273e-07
   3.9291686e-07
   3.9348195e-07
   3.9404800e-07
   3.9461502e-07
   3.9518301e-07
   3.9575196e-07
   3.9632189e-07
   3.9689279e-07
   3.9746467e-07
   3.9803752e-07
   3.9861135e-07
   3.9918616e-07
   3.9976196e-07
   4.0033874e-07
   4.0091651e-07
   4.0149526e-07
   4.0207501e-07
   4.0265574e-07
   4.0323747e-07
   4.0382020e-07
   4.0440392e-07
   4.0498865e-07
   4.0557437e-07
   4.0616110e-07
   4.0674883e-07
   4.0733757e-07
   4.0792732e-07
   4.0851808e-07
   4.0910986e-07
   4.0970265e-07
   4.1029645e-07
   4.1089128e-07
   4.1148712e-07
   4.1208399e-07
   4.1268188e-07
   4.1328080e-07
   4.1388074e-07
   4.1448172e-07
   4.1508373e-07
   4.1568677e-07
   4.1629085e-07
   4.1689597e-07
   4.1750212e-07
   4.1810932e-07
   4.1871757e-07
   4.1932686e-07
   4.1993719e-07
   4.2054858e-07
   4.2116102e-07
   4.2177452e-07
   4.2238907e-07
   4.2300467e-07
   4.2362134e-07
   4.2423907e-07
   4.2485787e-07
   4.2547773e-07
   4.2609866e-07
   4.2672066e-07
   4.2734373e-07
   4.2796787e-07
   4.2859310e-07
   4.2921940e-07
   4.2984678e-07
   4.3047524e-07
   4.3110479e-07
   4.3173543e-07
   4.3236715e-07
   4.3299996e-07
   4.3363387e-07
   4.3426887e-07
   4.3490497e-07
   4.3554217e-07
   4.3618047e-07
   4.3681988e-07
   4.3746038e-07
   4.3810200e-07
   4.3874473e-07
   4.3938856e-07
   4.4003352e-07
   4.4067958e-07
   4.4132677e-07
   4.4197508e-07
   4.4262451e-07
   4.4327506e-07
   4.4392674e-07
   4.4457955e-07
   4.4523349e-07
   4.4588856e-07
   4.4654477e-07
   4.4720212e-07
   4.4786061e-07
   4.4852024e-07
   4.4918101e-07
   4.4984293e-07
   4.5050600e-07
   4.5117021e-07
   4.5183559e-07
   4.5250211e-07
   4.5316980e-07
   4.5383864e-07
   4.5450865e-07
   4.5517981e-07
   4.5585215e-07
   4.5652565e-07
   4.5720033e-07
   4.5787618e-07
   4.5855320e-07
   4.5923140e-07
   4.5991078e-07
   4.6059134e-07
   4.6127309e-07
   4.6195602e-07
   4.6264014e-07
   4.6332546e-07
   4.6401196e-07
   4.6469967e-07
   4.6538857e-07
   4.6607867e-07
   4.6676997e-07
   4.6746248e-07
   4.6815619e-07
   4.6885112e-07
   4.6954725e-07
   4.7024460e-07
   4.7094317e-07
   4.7164296e-07
   4.7234397e-07
   4.7304620e-07
   4.7374965e-07
   4.7445434e-07
   4.7516025e-07
   4.7586740e-07
   4.7657579e-07
   4.7728541e-07
   4.7799627e-07
   4.7870837e-07
   4.7942172e-07
   4.8013632e-07
   4.8085217e-07
   4.8156927e-07
   4.8228762e-07
   4.8300723e-07
   4.8372810e-07
   4.8445023e-07
   4.8517363e-07
   4.8589829e-07
   4.8662422e-07
   4.8735142e-07
   4.8807990e-07
   4.8880965e-07
   4.8954068e-07
   4.9027300e-07
   4.9100660e-07
   4.9174148e-07
   4.9247765e-07
   4.9321512e-07
   4.9395388e-07
   4.9469393e-07
   4.9543528e-07
   4.9617794e-07
   4.9692190e-07
   4.9766716e-07
   4.9841373e-07
   4.9916162e-07
   4.9991082e-07
   5.0066133e-07
   5.0141317e-07
   5.0216633e-07
   5.0292081e-07
   5.0367661e-07
   5.0443375e-07
   5.0519222e-07
   5.0595202e-07
   5.0671316e-07
   5.0747564e-07
   5.0823946e-07
   5.0900463e-07
   5.0977114e-07
   5.1053901e-07
   5.1130822e-07
   5.1207879e-07
   5.1285072e-07
   5.1362401e-07
   5.1439867e-07
   5.1517469e-07
   5.1595207e-07
   5.1673083e-07
   5.1751097e-07
   5.1829248e-07
   5.1907536e-07
   5.1985963e-07
   5.2064529e-07
   5.2143233e-07
   5.2222076e-07
   5.2301058e-07
   5.2380180e-07
   5.2459442e-07
   5.2538844e-07
   5.2618386e-07
   5.2698069e-07
   5.2777892e-07
   5.2857857e-07
   5.2937963e-07
   5.3018211e-07
   5.3098601e-07
   5.3179133e-07
   5.3259808e-07
   5.3340626e-07
   5.3421586e-07
   5.3502690e-07
   5.3583938e-07
   5.3665329e-07
   5.3746865e-07
   5.3828545e-07
   5.3910371e-07
   5.3992341e-07
   5.4074456e-07
   5.4156717e-07
   5.4239124e-07
   5.4321677e-07
   5.4404377e-07
   5.4487223e-07
   5.4570217e-07
   5.4653357e-07
   5.4736646e-07
   5.4820082e-07
   5.4903667e-07
   5.4987400e-07
   5.5071281e-07
   5.5155312e-07
   5.5239492e-07
   5.5323822e-07
   5.5408302e-07
   5.5492932e-07
   5.5577712e-07
   5.5662644e-07
   5.5747726e-07
   5.5832960e-07
   5.5918346e-07
   5.6003883e-07
   5.6089573e-07
   5.6175416e-07
   5.6261411e-07
   5.6347560e-07
   5.6433862e-07
   5.6520318e-07
   5.6606928e-07
   5.6693692e-07
   5.6780611e-07
   5.6867685e-07
   5.6954914e-07
   5.7042299e-07
   5.7129840e-07
   5.7217537e-07
   5.7305391e-07
   5.7393402e-07
   5.7481569e-07
   5.7569894e-07
   5.7658377e-07
   5.7747018e-07
   5.7835817e-07
   5.7924775e-07
   5.8013892e-07
   5.8103168e-07
   5.8192604e-07
   5.8282200e-07
   5.8371956e-07
   5.8461873e-07
   5.8551951e-07
   5.8642189e-07
   5.8732590e-07
   5.8823152e-07
   5.8913876e-07
   5.9004763e-07
   5.9095812e-07
   5.9187025e-07
   5.9278401e-07
   5.9369940e-07
   5.9461644e-07
   5.9553513e-07
   5.9645545e-07
   5.9737743e-07
   5.9830107e-07
   5.9922636e-07
   6.0015331e-07
   6.0108192e-07
   6.0201220e-07
   6.0294416e-07
   6.0387778e-07
   6.0481308e-07
   6.0575006e-07
   6.0668872e-07
   6.0762907e-07
   6.0857111e-07
   6.0951485e-07
   6.1046028e-07
   6.1140741e-07
   6.1235624e-07
   6.1330678e-07
   6.1425903e-07
   6.1521299e-07
   6.1616867e-07
   6.1712607e-07
   6.1808519e-07
   6.1904604e-07
   6.2000862e-07
   6.2097294e-07
   6.2193899e-07
   6.2290678e-07
   6.2387631e-07
   6.2484760e-07
   6.2582063e-07
   6.2679542e-07
   6.2777196e-07
   6.2875027e-07
   6.2973034e-07
   6.3071218e-07
   6.3169579e-07
   6.3268118e-07
   6.3366834e-07
   6.3465729e-07
   6.3564803e-07
   6.3664055e-07
   6.3763487e-07
   6.3863098e-07
   6.3962889e-07
   6.4062861e-07
   6.4163013e-07
   6.4263346e-07
   6.4363861e-07
   6.4464558e-07
   6.4565437e-07
   6.4666498e-07
   6.4767742e-07
   6.4869169e-07
   6.4970780e-07
   6.5072575e-07
   6.5174555e-07
   6.5276718e-07
   6.5379068e-07
   6.5481602e-07
   6.5584322e-07
   6.5687229e-07
   6.5790322e-07
   6.5893601e-07
   6.5997069e-07
   6.6100723e-07
   6.6204566e-07
   6.6308597e-07
   6.6412817e-07
   6.6517226e-07
   6.6621825e-07
   6.6726613e-07
   6.6831592e-07
   6.6936762e-07
   6.7042122e-07
   6.7147674e-07
   6.7253418e-07
   6.7359354e-07
   6.7465482e-07
   6.7571803e-07
   6.7678318e-07
   6.7785026e-07
   6.7891929e-07
   6.7999026e-07
   6.8106318e-07
   6.8213805e-07
   6.8321487e-07
   6.8429366e-07
   6.8537441e-07
   6.8645713e-07
   6.8754183e-07
   6.8862850e-07
   6.8971714e-07
   6.9080778e-07
   6.9190040e-07
   6.9299501e-07
   6.9409162e-07
   6.9519022e-07
   6.9629083e-07
   6.9739345e-07
   6.9849809e-07
   6.9960473e-07
   7.0071340e-07
   7.0182409e-07
   7.0293681e-07
   7.0405156e-07
   7.0516835e-07
   7.0628717e-07
   7.0740804e-07
   7.0853096e-07
   7.0965593e-07
   7.1078296e-07
   7.1191205e-07
   7.1304320e-07
   7.1417643e-07
   7.1531172e-07
   7.1644910e-07
   7.1758855e-07
   7.1873009e-07
   7.1987372e-07
   7.2101944e-07
   7.2216726e-07
   7.2331718e-07
   7.2446921e-07
   7.2562335e-07
   7.2677961e-07
   7.2793798e-07
   7.2909848e-07
   7.3026111e-07
   7.3142586e-07
   7.3259276e-07
   7.3376179e-07
   7.3493297e-07
   7.3610630e-07
   7.3728178e-07
   7.3845942e-07
   7.3963922e-07
   7.4082118e-07
   7.4200532e-07
   7.4319164e-07
   7.4438013e-07
   7.4557080e-07
   7.4676367e-07
   7.4795873e-07
   7.4915598e-07
   7.5035544e-07
   7.5155710e-07
   7.5276097e-07
   7.5396706e-07
   7.5517536e-07
   7.5638589e-07
   7.5759865e-07
   7.5881364e-07
   7.6003087e-07
   7.6125034e-07
   7.6247205e-07
   7.6369602e-07
   7.6492224e-07
   7.6615072e-07
   7.6738146e-07
   7.6861448e-07
   7.6984976e-07
   7.7108733e-07
   7.7232718e-07
   7.7356931e-07
   7.7481374e-07
   7.7606046e-07
   7.7730949e-07
   7.7856082e-07
   7.7981446e-07
   7.8107041e-07
   7.8232869e-07
   7.8358929e-07
   7.8485221e-07
   7.8611748e-07
   7.8738508e-07
   7.8865502e-07
   7.8992731e-07
   7.9120196e-07
   7.9247896e-07
   7.9375832e-07
   7.9504005e-07
   7.9632416e-07
   7.9761064e-07
   7.9889950e-07
   8.0019074e-07
   8.0148438e-07
   8.0278041e-07
   8.0407885e-07
   8.0537969e-07
   8.0668294e-07
   8.0798860e-07
   8.0929669e-07
   8.1060720e-07
   8.1192014e-07
   8.1323551e-07
   8.1455333e-07
   8.1587359e-07
   8.1719630e-07
   8.1852146e-07
   8.1984909e-07
   8.2117917e-07
   8.2251173e-07
   8.2384676e-07
   8.2518428e-07
   8.2652427e-07
   8.2786676e-07
   8.2921174e-07
   8.3055922e-07
   8.3190921e-07
   8.3326171e-07
   8.3461672e-07
   8.3597425e-07
   8.3733430e-07
   8.3869689e-07
   8.4006201e-07
   8.4142968e-07
   8.4279989e-07
   8.4417265e-07
   8.4554796e-07
   8.4692584e-07
   8.4830628e-07
   8.4968930e-07
   8.5107489e-07
   8.5246307e-07
   8.5385383e-07
   8.5524719e-07
   8.5664314e-07
   8.5804170e-07
   8.5944287e-07
   8.6084664e-07
   8.6225304e-07
   8.6366207e-07
   8.6507372e-07
   8.6648801e-07
   8.6790494e-07
   8.6932452e-07
   8.7074674e-07
   8.7217163e-07
   8.7359917e-07
   8.7502939e-07
   8.7646228e-07
   8.7789784e-07
   8.7933609e-07
   8.8077703e-07
   8.8222067e-07
   8.8366700e-07
   8.8511604e-07
   8.8656779e-07
   8.8802226e-07
   8.8947946e-07
   8.9093938e-07
   8.9240203e-07
   8.9386742e-07
   8.9533556e-07
   8.9680645e-07
   8.9828010e-07
   8.9975650e-07
   9.0123568e-07
   9.0271762e-07
   9.0420235e-07
   9.0568986e-07
   9.0718016e-07
   9.0867326e-07
   9.1016915e-07
   9.1166786e-07
   9.1316938e-07
   9.1467371e-07
   9.1618088e-07
   9.1769087e-07
   9.1920369e-07
   9.2071936e-07
   9.2223788e-07
   9.2375925e-07
   9.2528348e-07
   9.2681058e-07
