   8.1628701e-06
   1.8734353e-05
   8.5439975e-06
   7.1066971e-06
   5.3902437e-06
   1.5867879e-06
   1.8487364e-06
   1.3142847e-06
   1.1449393e-06
   6.3232624e-07
   6.8334869e-07
   5.6770744e-07
   3.3752760e-07
   4.3816744e-07
   4.3397814e-07
   2.7282595e-07
   2.6818184e-07
   2.5066412e-07
   2.0014957e-07
   2.2365301e-07
   2.0198353e-07
   2.3557278e-07
   2.0188547e-07
   1.8513671e-07
   2.1982512e-07
   1.6506758e-07
   1.7151244e-07
   1.7012417e-07
   1.4653953e-07
   1.3716766e-07
   1.4391126e-07
   1.3990902e-07
   1.2774128e-07
   1.2481691e-07
   1.2372440e-07
   1.2495171e-07
   1.2155083e-07
   1.1726783e-07
   1.1499611e-07
   1.1876694e-07
   1.1330399e-07
   1.1201652e-07
   1.0667220e-07
   1.0763047e-07
   9.6367226e-08
   1.0230363e-07
   9.5566360e-08
   9.9737226e-08
   9.6081389e-08
   9.7654573e-08
   9.3775372e-08
   8.6061376e-08
   9.0328896e-08
   8.7386632e-08
   9.1517900e-08
   8.8466746e-08
   8.3751725e-08
   8.0867730e-08
   8.1249156e-08
   8.1819722e-08
   8.1508454e-08
   8.0354410e-08
   7.9648613e-08
   7.8679385e-08
   7.7401793e-08
   7.6383032e-08
   7.7211213e-08
   7.7353887e-08
   7.7005642e-08
   7.4201795e-08
   7.7186099e-08
   7.2669678e-08
   7.3194091e-08
   7.2778602e-08
   7.2944255e-08
   7.2280154e-08
   7.0880521e-08
   6.9885025e-08
   7.0081763e-08
   6.9487538e-08
   6.8640780e-08
   6.8450728e-08
   6.8836856e-08
   6.8610834e-08
   6.8945874e-08
   6.6842542e-08
   6.7940910e-08
   6.7011741e-08
   6.5628165e-08
   6.5073162e-08
   6.4950224e-08
   6.5013261e-08
   6.3568735e-08
   6.4246384e-08
   6.4255624e-08
   6.3677807e-08
   6.1480719e-08
   6.1900012e-08
   6.2263888e-08
   6.3017636e-08
   6.0851739e-08
   6.0710981e-08
   5.9892707e-08
   6.0298516e-08
   5.9687312e-08
   5.8839439e-08
   5.9639622e-08
   5.8907982e-08
   5.8775008e-08
   5.8450309e-08
   5.8035914e-08
   5.7891464e-08
   5.8055798e-08
   5.7373542e-08
   5.7089439e-08
   5.6977997e-08
   5.6693285e-08
   5.6773478e-08
   5.6584819e-08
   5.5642387e-08
   5.6542059e-08
   5.5962083e-08
   5.5164451e-08
   5.5765847e-08
   5.5328040e-08
   5.4482731e-08
   5.4211741e-08
   5.5053027e-08
   5.5977759e-08
   5.5029562e-08
   5.3863824e-08
   5.3316357e-08
   5.4090303e-08
   5.2484980e-08
   5.3539431e-08
   5.3118911e-08
   5.2668314e-08
   5.3555860e-08
   5.2111116e-08
   5.1189671e-08
   5.2341307e-08
   5.1445083e-08
   5.0921631e-08
   5.1794223e-08
   5.1680288e-08
   5.1169995e-08
   5.1079136e-08
   5.0594994e-08
   5.0406783e-08
   5.0026814e-08
   5.0429508e-08
   4.9895875e-08
   4.9163455e-08
   4.8968850e-08
   4.9534177e-08
   4.8956979e-08
   4.9041002e-08
   4.9377226e-08
   4.9285271e-08
   4.8461473e-08
   4.9050591e-08
   4.8648178e-08
   4.8323035e-08
   4.8749542e-08
   4.8828090e-08
   4.7812453e-08
   4.7871344e-08
   4.7594803e-08
   4.7029733e-08
   4.7142913e-08
   4.7577832e-08
   4.7265846e-08
   4.7491819e-08
   4.6845526e-08
   4.6757135e-08
   4.7134892e-08
   4.6564222e-08
   4.6929945e-08
   4.6801061e-08
   4.6738495e-08
   4.6136970e-08
   4.6680974e-08
   4.6079595e-08
   4.5579353e-08
   4.5762955e-08
   4.5532335e-08
   4.5659332e-08
   4.5761139e-08
   4.4905334e-08
   4.4954723e-08
   4.4967610e-08
   4.5180582e-08
   4.4526423e-08
   4.4766289e-08
   4.3717085e-08
   4.4446596e-08
   4.5132969e-08
   4.4367552e-08
   4.4496930e-08
   4.4929180e-08
   4.4289315e-08
   4.3841247e-08
   4.3743549e-08
   4.3687857e-08
   4.4037292e-08
   4.3124554e-08
   4.3147885e-08
   4.3235252e-08
   4.2997010e-08
   4.3053924e-08
   4.3115133e-08
   4.2858367e-08
   4.3028330e-08
   4.2691121e-08
   4.3066477e-08
   4.2821678e-08
   4.2568575e-08
   4.2050879e-08
   4.2647189e-08
   4.2393002e-08
   4.1996513e-08
   4.2235450e-08
   4.1840645e-08
   4.2093296e-08
   4.1830020e-08
   4.1426683e-08
   4.1650301e-08
   4.1460066e-08
   4.1730737e-08
   4.1464738e-08
   4.1782036e-08
   4.1719081e-08
   4.1235384e-08
   4.1030295e-08
   4.1254762e-08
   4.1299871e-08
   4.1163693e-08
   4.0853746e-08
   4.0753170e-08
   4.0994674e-08
   4.1121506e-08
   4.0802481e-08
   4.0280746e-08
   4.0404708e-08
   4.0387170e-08
   4.0470447e-08
   4.0069358e-08
   4.0278349e-08
   4.0563941e-08
   4.0011170e-08
   4.0066819e-08
   3.9959152e-08
   4.0244036e-08
   3.9643403e-08
   3.9674405e-08
   3.9673576e-08
   3.9676929e-08
   3.9713030e-08
   3.9704050e-08
   3.9620075e-08
   3.9733029e-08
   3.9549274e-08
   3.9421314e-08
   3.9388126e-08
   3.9277857e-08
   3.9228242e-08
   3.8771093e-08
   3.8977059e-08
   3.8945488e-08
   3.9034764e-08
   3.8542962e-08
   3.8418527e-08
   3.8695820e-08
   3.8820419e-08
   3.8943212e-08
   3.8598219e-08
   3.8540579e-08
   3.8466442e-08
   3.8451609e-08
   3.8388204e-08
   3.8327354e-08
   3.8397509e-08
   3.8170970e-08
   3.8245748e-08
   3.7829680e-08
   3.8052731e-08
   3.7927565e-08
   3.7805612e-08
   3.7768416e-08
   3.7805169e-08
   3.7449150e-08
   3.7897726e-08
   3.7545084e-08
   3.7614500e-08
   3.7660741e-08
   3.7428803e-08
   3.7444281e-08
   3.7428560e-08
   3.7513040e-08
   3.7634622e-08
   3.7435118e-08
   3.7364518e-08
   3.7275218e-08
   3.7458093e-08
   3.7345663e-08
   3.7359576e-08
   3.7095939e-08
   3.7321448e-08
   3.6875304e-08
   3.7189787e-08
   3.6890676e-08
   3.7083619e-08
   3.6781074e-08
   3.6801995e-08
   3.6728492e-08
   3.6741621e-08
   3.6792124e-08
   3.6574726e-08
   3.6791776e-08
   3.6703005e-08
   3.6732950e-08
   3.6651092e-08
   3.6563150e-08
   3.6564195e-08
   3.6469162e-08
   3.6453737e-08
   3.6454907e-08
   3.6331405e-08
   3.6267979e-08
   3.6285321e-08
   3.6308681e-08
   3.6259969e-08
   3.6222409e-08
   3.6226445e-08
   3.6002439e-08
   3.6149713e-08
   3.6013951e-08
   3.5994631e-08
   3.6123966e-08
   3.6137409e-08
   3.5890869e-08
   3.5994339e-08
   3.6027620e-08
   3.5978408e-08
   3.5874083e-08
   3.5910504e-08
   3.5856757e-08
   3.5850986e-08
   3.5771112e-08
   3.5777080e-08
   3.5785907e-08
   3.5632952e-08
   3.5874082e-08
   3.5674952e-08
   3.5743194e-08
   3.5635733e-08
   3.5642498e-08
   3.5578542e-08
   3.5584137e-08
   3.5589789e-08
   3.5559895e-08
   3.5547633e-08
   3.5470774e-08
   3.5506985e-08
   3.5492180e-08
   3.5465924e-08
   3.5307621e-08
   3.5443352e-08
   3.5415349e-08
   3.5304072e-08
   3.5327902e-08
   3.5345058e-08
   3.5289483e-08
   3.5257373e-08
   3.5264125e-08
   3.5150489e-08
   3.5284695e-08
   3.5239716e-08
   3.5289123e-08
   3.5167418e-08
   3.5182586e-08
   3.5155877e-08
   3.5155692e-08
   3.5008305e-08
   3.5089045e-08
   3.5125820e-08
   3.5113737e-08
   3.5222448e-08
   3.5083399e-08
   3.5097916e-08
   3.5112309e-08
   3.5075032e-08
   3.5082131e-08
   3.5063107e-08
   3.4978918e-08
   3.5007464e-08
   3.4988829e-08
   3.4981523e-08
   3.4918503e-08
   3.5048704e-08
   3.4979381e-08
   3.4977561e-08
   3.4915478e-08
   3.4876248e-08
   3.4897550e-08
   3.4959272e-08
   3.4937561e-08
   3.4938106e-08
   3.4913762e-08
   3.4892750e-08
   3.4940704e-08
   3.4932997e-08
   3.4902991e-08
   3.4832624e-08
   3.4845441e-08
   3.4872539e-08
   3.4928224e-08
   3.4845371e-08
   3.4900754e-08
   3.4849226e-08
   3.4875245e-08
   3.4887713e-08
   3.4917908e-08
   3.4809701e-08
   3.4861108e-08
   3.4823240e-08
   3.4770568e-08
   3.4855487e-08
   3.4842208e-08
   3.4762891e-08
   3.4867885e-08
   3.4845127e-08
   3.4796906e-08
   3.4877539e-08
   3.4798286e-08
   3.4877175e-08
   3.4850082e-08
   3.4844271e-08
   3.4891546e-08
   3.4908739e-08
   3.4920609e-08
   3.4883661e-08
   3.4886456e-08
   3.4862741e-08
   3.4885715e-08
   3.4918982e-08
   3.4906144e-08
   3.4891555e-08
   3.4866686e-08
   3.4918872e-08
   3.4893745e-08
   3.4929791e-08
   3.4888068e-08
   3.4906985e-08
   3.4946949e-08
   3.4935089e-08
   3.4911117e-08
   3.4935964e-08
   3.4986868e-08
   3.4973789e-08
   3.4984079e-08
   3.4959674e-08
   3.5018098e-08
   3.5013374e-08
   3.5019095e-08
   3.5017499e-08
   3.5043958e-08
   3.5025992e-08
   3.5075629e-08
   3.5075612e-08
   3.5085061e-08
   3.5089941e-08
   3.5054570e-08
   3.5095188e-08
   3.5170277e-08
   3.5151379e-08
   3.5183694e-08
   3.5162359e-08
   3.5175892e-08
   3.5178316e-08
   3.5197042e-08
   3.5216753e-08
   3.5246842e-08
   3.5215324e-08
   3.5264740e-08
   3.5269641e-08
   3.5300318e-08
   3.5307598e-08
   3.5316486e-08
   3.5347418e-08
   3.5369384e-08
   3.5389452e-08
   3.5384409e-08
   3.5400063e-08
   3.5402287e-08
   3.5440791e-08
   3.5427481e-08
   3.5489044e-08
   3.5511216e-08
   3.5506231e-08
   3.5543123e-08
   3.5575103e-08
   3.5570827e-08
   3.5579052e-08
   3.5593971e-08
   3.5650867e-08
   3.5679850e-08
   3.5719602e-08
   3.5780221e-08
   3.5780929e-08
   3.5815100e-08
