   1.3321164e-05
   3.1882084e-05
   1.3975055e-05
   1.1846968e-05
   8.9652496e-06
   2.8258112e-06
   3.1996356e-06
   2.3799436e-06
   2.0717327e-06
   1.2899864e-06
   1.3511309e-06
   1.1887378e-06
   7.9644527e-07
   9.9299974e-07
   9.6673892e-07
   7.2163498e-07
   7.0677530e-07
   6.9224797e-07
   6.0599921e-07
   6.4861161e-07
   6.1378254e-07
   6.7275832e-07
   6.2190231e-07
   5.9862894e-07
   6.5738384e-07
   5.7222220e-07
   5.8336691e-07
   5.8683616e-07
   5.4824306e-07
   5.3606200e-07
   5.4718201e-07
   5.4398458e-07
   5.2490854e-07
   5.2284907e-07
   5.2323218e-07
   5.2660184e-07
   5.2354691e-07
   5.1850256e-07
   5.1632589e-07
   5.2383090e-07
   5.1657715e-07
   5.1582772e-07
   5.0849130e-07
   5.1132133e-07
   4.9398568e-07
   5.0562008e-07
   4.9538281e-07
   5.0386896e-07
   4.9907366e-07
   5.0276156e-07
   4.9762491e-07
   4.8646363e-07
   4.9455834e-07
   4.9094496e-07
   4.9845773e-07
   4.9447061e-07
   4.8773609e-07
   4.8416089e-07
   4.8564056e-07
   4.8776273e-07
   4.8813663e-07
   4.8723201e-07
   4.8686467e-07
   4.8622025e-07
   4.8498044e-07
   4.8412576e-07
   4.8639117e-07
   4.8730953e-07
   4.8765280e-07
   4.8374096e-07
   4.8955818e-07
   4.8284459e-07
   4.8465317e-07
   4.8451610e-07
   4.8563732e-07
   4.8514057e-07
   4.8361761e-07
   4.8283248e-07
   4.8359813e-07
   4.8346825e-07
   4.8278599e-07
   4.8306278e-07
   4.8429725e-07
   4.8456171e-07
   4.8580842e-07
   4.8298392e-07
   4.8550316e-07
   4.8446373e-07
   4.8280069e-07
   4.8263926e-07
   4.8300868e-07
   4.8368142e-07
   4.8187539e-07
   4.8354819e-07
   4.8414013e-07
   4.8375126e-07
   4.8079254e-07
   4.8196527e-07
   4.8305423e-07
   4.8481781e-07
   4.8186371e-07
   4.8218936e-07
   4.8140747e-07
   4.8270016e-07
   4.8214520e-07
   4.8128875e-07
   4.8311112e-07
   4.8246043e-07
   4.8267900e-07
   4.8271660e-07
   4.8251763e-07
   4.8276747e-07
   4.8351581e-07
   4.8289334e-07
   4.8291922e-07
   4.8317366e-07
   4.8318516e-07
   4.8382401e-07
   4.8397129e-07
   4.8294462e-07
   4.8485581e-07
   4.8432967e-07
   4.8360822e-07
   4.8497150e-07
   4.8472491e-07
   4.8378023e-07
   4.8382111e-07
   4.8560061e-07
   4.8753465e-07
   4.8642828e-07
   4.8504305e-07
   4.8462422e-07
   4.8624121e-07
   4.8420106e-07
   4.8622158e-07
   4.8601683e-07
   4.8569991e-07
   4.8753003e-07
   4.8568290e-07
   4.8465024e-07
   4.8692335e-07
   4.8589679e-07
   4.8550016e-07
   4.8730417e-07
   4.8754219e-07
   4.8713981e-07
   4.8741830e-07
   4.8705625e-07
   4.8717821e-07
   4.8698554e-07
   4.8805686e-07
   4.8761318e-07
   4.8685175e-07
   4.8699274e-07
   4.8828691e-07
   4.8777939e-07
   4.8832912e-07
   4.8924369e-07
   4.8953857e-07
   4.8862411e-07
   4.8996264e-07
   4.8975401e-07
   4.8963288e-07
   4.9072946e-07
   4.9122933e-07
   4.9001747e-07
   4.9051394e-07
   4.9045526e-07
   4.8997729e-07
   4.9057378e-07
   4.9170766e-07
   4.9158566e-07
   4.9234404e-07
   4.9173569e-07
   4.9199652e-07
   4.9297444e-07
   4.9248592e-07
   4.9345497e-07
   4.9368643e-07
   4.9400202e-07
   4.9343178e-07
   4.9469444e-07
   4.9414784e-07
   4.9376658e-07
   4.9445902e-07
   4.9450840e-07
   4.9509464e-07
   4.9566540e-07
   4.9472844e-07
   4.9520231e-07
   4.9563570e-07
   4.9634696e-07
   4.9575746e-07
   4.9652740e-07
   4.9528136e-07
   4.9684432e-07
   4.9833418e-07
   4.9752844e-07
   4.9816100e-07
   4.9923897e-07
   4.9864250e-07
   4.9836520e-07
   4.9862292e-07
   4.9893755e-07
   4.9989310e-07
   4.9885731e-07
   4.9930157e-07
   4.9987118e-07
   4.9989964e-07
   5.0042718e-07
   5.0092341e-07
   5.0094574e-07
   5.0162725e-07
   5.0150392e-07
   5.0251849e-07
   5.0253460e-07
   5.0254976e-07
   5.0217588e-07
   5.0353114e-07
   5.0355834e-07
   5.0335857e-07
   5.0416777e-07
   5.0396131e-07
   5.0478668e-07
   5.0479281e-07
   5.0458833e-07
   5.0536497e-07
   5.0549160e-07
   5.0636608e-07
   5.0635929e-07
   5.0730489e-07
   5.0762437e-07
   5.0731842e-07
   5.0742165e-07
   5.0821009e-07
   5.0871011e-07
   5.0894286e-07
   5.0889772e-07
   5.0918359e-07
   5.0999509e-07
   5.1063971e-07
   5.1058649e-07
   5.1021356e-07
   5.1084625e-07
   5.1126521e-07
   5.1184681e-07
   5.1166673e-07
   5.1244649e-07
   5.1334190e-07
   5.1293207e-07
   5.1346275e-07
   5.1376418e-07
   5.1466018e-07
   5.1417729e-07
   5.1467527e-07
   5.1514108e-07
   5.1561106e-07
   5.1613976e-07
   5.1657695e-07
   5.1691378e-07
   5.1756547e-07
   5.1774838e-07
   5.1801148e-07
   5.1842379e-07
   5.1873345e-07
   5.1912624e-07
   5.1887313e-07
   5.1967512e-07
   5.2010218e-07
   5.2073697e-07
   5.2042874e-07
   5.2072859e-07
   5.2164649e-07
   5.2233128e-07
   5.2300819e-07
   5.2295249e-07
   5.2334272e-07
   5.2373266e-07
   5.2419889e-07
   5.2458612e-07
   5.2499308e-07
   5.2560552e-07
   5.2573457e-07
   5.2636344e-07
   5.2621007e-07
   5.2706161e-07
   5.2736966e-07
   5.2768400e-07
   5.2813903e-07
   5.2870604e-07
   5.2865834e-07
   5.2988001e-07
   5.2984962e-07
   5.3046223e-07
   5.3107077e-07
   5.3121729e-07
   5.3176290e-07
   5.3226759e-07
   5.3291989e-07
   5.3364233e-07
   5.3385803e-07
   5.3428145e-07
   5.3467182e-07
   5.3549873e-07
   5.3584926e-07
   5.3641144e-07
   5.3653992e-07
   5.3744056e-07
   5.3728222e-07
   5.3832687e-07
   5.3840364e-07
   5.3925068e-07
   5.3933040e-07
   5.3991178e-07
   5.4035863e-07
   5.4093956e-07
   5.4157584e-07
   5.4179560e-07
   5.4269869e-07
   5.4312089e-07
   5.4374529e-07
   5.4418324e-07
   5.4462002e-07
   5.4519351e-07
   5.4561386e-07
   5.4617505e-07
   5.4675682e-07
   5.4714036e-07
   5.4761977e-07
   5.4823459e-07
   5.4886115e-07
   5.4937660e-07
   5.4991063e-07
   5.5050792e-07
   5.5075298e-07
   5.5158613e-07
   5.5197183e-07
   5.5254763e-07
   5.5335744e-07
   5.5398955e-07
   5.5420573e-07
   5.5498107e-07
   5.5564321e-07
   5.5619156e-07
   5.5664590e-07
   5.5732308e-07
   5.5786560e-07
   5.5847936e-07
   5.5898074e-07
   5.5962363e-07
   5.6026330e-07
   5.6066839e-07
   5.6168457e-07
   5.6200837e-07
   5.6275370e-07
   5.6323159e-07
   5.6388933e-07
   5.6444270e-07
   5.6510181e-07
   5.6576419e-07
   5.6637917e-07
   5.6701572e-07
   5.6755859e-07
   5.6828394e-07
   5.6892387e-07
   5.6955499e-07
   5.6997691e-07
   5.7086599e-07
   5.7150041e-07
   5.7200414e-07
   5.7272042e-07
   5.7343741e-07
   5.7403308e-07
   5.7467777e-07
   5.7538240e-07
   5.7589431e-07
   5.7680698e-07
   5.7743893e-07
   5.7821682e-07
   5.7873574e-07
   5.7946680e-07
   5.8013348e-07
   5.8084847e-07
   5.8133620e-07
   5.8217932e-07
   5.8296639e-07
   5.8367245e-07
   5.8457677e-07
   5.8508378e-07
   5.8583883e-07
   5.8660249e-07
   5.8728374e-07
   5.8803928e-07
   5.8875312e-07
   5.8936827e-07
   5.9016484e-07
   5.9088815e-07
   5.9163688e-07
   5.9230152e-07
   5.9326528e-07
   5.9392250e-07
   5.9469572e-07
   5.9536345e-07
   5.9607794e-07
   5.9689004e-07
   5.9776947e-07
   5.9851834e-07
   5.9930857e-07
   6.0006049e-07
   6.0082434e-07
   6.0169446e-07
   6.0248203e-07
   6.0323614e-07
   6.0393404e-07
   6.0476311e-07
   6.0562025e-07
   6.0652148e-07
   6.0721183e-07
   6.0812301e-07
   6.0886567e-07
   6.0973534e-07
   6.1058682e-07
   6.1147163e-07
   6.1214072e-07
   6.1306144e-07
   6.1384814e-07
   6.1461191e-07
   6.1559809e-07
   6.1643519e-07
   6.1716595e-07
   6.1819523e-07
   6.1902397e-07
   6.1981806e-07
   6.2081944e-07
   6.2156850e-07
   6.2257215e-07
   6.2341352e-07
   6.2428867e-07
   6.2525737e-07
   6.2617635e-07
   6.2709210e-07
   6.2793394e-07
   6.2884353e-07
   6.2971188e-07
   6.3066367e-07
   6.3162929e-07
   6.3252656e-07
   6.3342627e-07
   6.3431110e-07
   6.3532323e-07
   6.3621601e-07
   6.3720969e-07
   6.3808664e-07
   6.3905890e-07
   6.4007265e-07
   6.4100629e-07
   6.4192337e-07
   6.4292180e-07
   6.4396662e-07
   6.4491255e-07
   6.4589935e-07
   6.4683322e-07
   6.4790445e-07
   6.4888010e-07
   6.4987819e-07
   6.5086449e-07
   6.5189854e-07
   6.5286919e-07
   6.5394999e-07
   6.5495796e-07
   6.5598065e-07
   6.5700267e-07
   6.5796674e-07
   6.5905078e-07
   6.6019761e-07
   6.6119450e-07
   6.6228083e-07
   6.6328561e-07
   6.6435110e-07
   6.6540005e-07
   6.6647973e-07
   6.6756376e-07
   6.6867136e-07
   6.6968604e-07
   6.7083178e-07
   6.7190935e-07
   6.7303454e-07
   6.7412343e-07
   6.7522253e-07
   6.7635999e-07
   6.7748608e-07
   6.7861693e-07
   6.7970901e-07
   6.8083904e-07
   6.8195344e-07
   6.8312800e-07
   6.8422451e-07
   6.8544616e-07
   6.8660746e-07
   6.8773042e-07
   6.8892579e-07
   6.9011567e-07
   6.9125411e-07
   6.9241552e-07
   6.9359425e-07
   6.9484000e-07
   6.9605129e-07
   6.9728143e-07
   6.9855104e-07
   6.9972838e-07
   7.0096404e-07
