   1.4672466e-05
   5.6346476e-06
   4.7596734e-06
   3.7391404e-06
   1.4829204e-06
   1.4457749e-06
   1.1990783e-06
   1.1125852e-06
   8.6327925e-07
   8.5028974e-07
   7.9751456e-07
   6.1922222e-07
   6.9452637e-07
   6.6873934e-07
   5.9878003e-07
   5.5400101e-07
   5.7954148e-07
   5.2023235e-07
   5.4260118e-07
   5.2628595e-07
   5.4448162e-07
   5.3131004e-07
   5.2282574e-07
   5.3384502e-07
   5.1648856e-07
   5.0378244e-07
   5.1352809e-07
   4.9566392e-07
   4.9036640e-07
   4.9157896e-07
   4.8761530e-07
   4.8287084e-07
   4.7858317e-07
   4.8013380e-07
   4.7965120e-07
   4.8513678e-07
   4.7684795e-07
   4.8079858e-07
   4.7914142e-07
   4.7877346e-07
   4.7731470e-07
   4.7658102e-07
   4.7391546e-07
   4.6837936e-07
   4.7390941e-07
   4.6896856e-07
   4.7128818e-07
   4.6894592e-07
   4.7170400e-07
   4.6873383e-07
   4.6706612e-07
   4.6950530e-07
   4.6711702e-07
   4.6811640e-07
   4.6879759e-07
   4.6363183e-07
   4.6480703e-07
   4.6360144e-07
   4.6474222e-07
   4.6540615e-07
   4.6620442e-07
   4.6578232e-07
   4.6350714e-07
   4.6500021e-07
   4.6359439e-07
   4.6593269e-07
   4.6519596e-07
   4.6725187e-07
   4.6359734e-07
   4.6632089e-07
   4.6370449e-07
   4.6296872e-07
   4.6404025e-07
   4.6382993e-07
   4.6522020e-07
   4.6383813e-07
   4.6472906e-07
   4.6355129e-07
   4.6344086e-07
   4.6382529e-07
   4.6404772e-07
   4.6475032e-07
   4.6398931e-07
   4.6470767e-07
   4.6363900e-07
   4.6523947e-07
   4.6427861e-07
   4.6433163e-07
   4.6367954e-07
   4.6382875e-07
   4.6469961e-07
   4.6354956e-07
   4.6463770e-07
   4.6494506e-07
   4.6520732e-07
   4.6388188e-07
   4.6427352e-07
   4.6405950e-07
   4.6458358e-07
   4.6376763e-07
   4.6381335e-07
   4.6415229e-07
   4.6511419e-07
   4.6430029e-07
   4.6378763e-07
   4.6498340e-07
   4.6520908e-07
   4.6517427e-07
   4.6533336e-07
   4.6527747e-07
   4.6599893e-07
   4.6582053e-07
   4.6528078e-07
   4.6580280e-07
   4.6596736e-07
   4.6602606e-07
   4.6629332e-07
   4.6633442e-07
   4.6604298e-07
   4.6688136e-07
   4.6632039e-07
   4.6665364e-07
   4.6710550e-07
   4.6696826e-07
   4.6694168e-07
   4.6688899e-07
   4.6777909e-07
   4.6793412e-07
   4.6779946e-07
   4.6777850e-07
   4.6768631e-07
   4.6862319e-07
   4.6775353e-07
   4.6806693e-07
   4.6850290e-07
   4.6828437e-07
   4.6912367e-07
   4.6882180e-07
   4.6815735e-07
   4.6944761e-07
   4.6890946e-07
   4.6903991e-07
   4.6954919e-07
   4.6945215e-07
   4.6979483e-07
   4.6993478e-07
   4.7003940e-07
   4.7034261e-07
   4.7019711e-07
   4.7099276e-07
   4.7074502e-07
   4.7075596e-07
   4.7080117e-07
   4.7125553e-07
   4.7110119e-07
   4.7155229e-07
   4.7207115e-07
   4.7209977e-07
   4.7211104e-07
   4.7260496e-07
   4.7297996e-07
   4.7276673e-07
   4.7341399e-07
   4.7356372e-07
   4.7312066e-07
   4.7368638e-07
   4.7369988e-07
   4.7341681e-07
   4.7398818e-07
   4.7462507e-07
   4.7475482e-07
   4.7498387e-07
   4.7505547e-07
   4.7502952e-07
   4.7575384e-07
   4.7573130e-07
   4.7614188e-07
   4.7640930e-07
   4.7681367e-07
   4.7662932e-07
   4.7702139e-07
   4.7716169e-07
   4.7698282e-07
   4.7736973e-07
   4.7784427e-07
   4.7801105e-07
   4.7823079e-07
   4.7825195e-07
   4.7844361e-07
   4.7884164e-07
   4.7921683e-07
   4.7932376e-07
   4.7957279e-07
   4.7953479e-07
   4.7997484e-07
   4.8063685e-07
   4.8065877e-07
   4.8101685e-07
   4.8147695e-07
   4.8146143e-07
   4.8160881e-07
   4.8191563e-07
   4.8214758e-07
   4.8254697e-07
   4.8262378e-07
   4.8284402e-07
   4.8311003e-07
   4.8330009e-07
   4.8369738e-07
   4.8396806e-07
   4.8426685e-07
   4.8459170e-07
   4.8463535e-07
   4.8524180e-07
   4.8550254e-07
   4.8571221e-07
   4.8572125e-07
   4.8635440e-07
   4.8652716e-07
   4.8684662e-07
   4.8708696e-07
   4.8720516e-07
   4.8780471e-07
   4.8791034e-07
   4.8806234e-07
   4.8864170e-07
   4.8879219e-07
   4.8936640e-07
   4.8940657e-07
   4.9005497e-07
   4.9026190e-07
   4.9045300e-07
   4.9064741e-07
   4.9109851e-07
   4.9133906e-07
   4.9177543e-07
   4.9200080e-07
   4.9234419e-07
   4.9268956e-07
   4.9305133e-07
   4.9333012e-07
   4.9352781e-07
   4.9392761e-07
   4.9416352e-07
   4.9455993e-07
   4.9477501e-07
   4.9531207e-07
   4.9576414e-07
   4.9596022e-07
   4.9625435e-07
   4.9657727e-07
   4.9711042e-07
   4.9724764e-07
   4.9765083e-07
   4.9806940e-07
   4.9826454e-07
   4.9871752e-07
   4.9912633e-07
   4.9956476e-07
   5.0005775e-07
   5.0026075e-07
   5.0054969e-07
   5.0090476e-07
   5.0124401e-07
   5.0172419e-07
   5.0180556e-07
   5.0228175e-07
   5.0271843e-07
   5.0316821e-07
   5.0329917e-07
   5.0370388e-07
   5.0421270e-07
   5.0465306e-07
   5.0519710e-07
   5.0543362e-07
   5.0577128e-07
   5.0625269e-07
   5.0666566e-07
   5.0695026e-07
   5.0743075e-07
   5.0784143e-07
   5.0814144e-07
   5.0862553e-07
   5.0881269e-07
   5.0936063e-07
   5.0981028e-07
   5.1020009e-07
   5.1057606e-07
   5.1098930e-07
   5.1128316e-07
   5.1195251e-07
   5.1224791e-07
   5.1267434e-07
   5.1321066e-07
   5.1353592e-07
   5.1406568e-07
   5.1448294e-07
   5.1492366e-07
   5.1544981e-07
   5.1577623e-07
   5.1623123e-07
   5.1664313e-07
   5.1718947e-07
   5.1763917e-07
   5.1810027e-07
   5.1845073e-07
   5.1906500e-07
   5.1925442e-07
   5.1993498e-07
   5.2021446e-07
   5.2085474e-07
   5.2114077e-07
   5.2162766e-07
   5.2209943e-07
   5.2265660e-07
   5.2310470e-07
   5.2352790e-07
   5.2409449e-07
   5.2454014e-07
   5.2508333e-07
   5.2556210e-07
   5.2601032e-07
   5.2652157e-07
   5.2696770e-07
   5.2750378e-07
   5.2799588e-07
   5.2841461e-07
   5.2889236e-07
   5.2946487e-07
   5.3002565e-07
   5.3051870e-07
   5.3102883e-07
   5.3154860e-07
   5.3195941e-07
   5.3256082e-07
   5.3296952e-07
   5.3356197e-07
   5.3418595e-07
   5.3467887e-07
   5.3513333e-07
   5.3571238e-07
   5.3627750e-07
   5.3684734e-07
   5.3734133e-07
   5.3789543e-07
   5.3845605e-07
   5.3901133e-07
   5.3951901e-07
   5.4010067e-07
   5.4062662e-07
   5.4115896e-07
   5.4182850e-07
   5.4233666e-07
   5.4291986e-07
   5.4345776e-07
   5.4403809e-07
   5.4460107e-07
   5.4517012e-07
   5.4574390e-07
   5.4637522e-07
   5.4693019e-07
   5.4749672e-07
   5.4814300e-07
   5.4872085e-07
   5.4930800e-07
   5.4983287e-07
   5.5050969e-07
   5.5113067e-07
   5.5167934e-07
   5.5229280e-07
   5.5291286e-07
   5.5353481e-07
   5.5413050e-07
   5.5477901e-07
   5.5532796e-07
   5.5603541e-07
   5.5663914e-07
   5.5731696e-07
   5.5788728e-07
   5.5853340e-07
   5.5916534e-07
   5.5980034e-07
   5.6042659e-07
   5.6107146e-07
   5.6175992e-07
   5.6241829e-07
   5.6311736e-07
   5.6374062e-07
   5.6441659e-07
   5.6507180e-07
   5.6573675e-07
   5.6641638e-07
   5.6709086e-07
   5.6773353e-07
   5.6843048e-07
   5.6910492e-07
   5.6978434e-07
   5.7044724e-07
   5.7120693e-07
   5.7187715e-07
   5.7259323e-07
   5.7325325e-07
   5.7392818e-07
   5.7465924e-07
   5.7540176e-07
   5.7612285e-07
   5.7682241e-07
   5.7752716e-07
   5.7825764e-07
   5.7899491e-07
   5.7973295e-07
   5.8045560e-07
   5.8116258e-07
   5.8190159e-07
   5.8266321e-07
   5.8343574e-07
   5.8412868e-07
   5.8491011e-07
   5.8564518e-07
   5.8641979e-07
   5.8720924e-07
   5.8797317e-07
   5.8868462e-07
   5.8950355e-07
   5.9025245e-07
   5.9102209e-07
   5.9181636e-07
   5.9260269e-07
   5.9333906e-07
   5.9418698e-07
   5.9498416e-07
   5.9574919e-07
   5.9660353e-07
   5.9735026e-07
   5.9818480e-07
   5.9900393e-07
   5.9981012e-07
   6.0064850e-07
   6.0148460e-07
   6.0229413e-07
   6.0311141e-07
   6.0396572e-07
   6.0476094e-07
   6.0562651e-07
   6.0649295e-07
   6.0730669e-07
   6.0816035e-07
   6.0898304e-07
   6.0988130e-07
   6.1071812e-07
   6.1159490e-07
   6.1246000e-07
   6.1333771e-07
   6.1420923e-07
   6.1507689e-07
   6.1595829e-07
   6.1686520e-07
   6.1777022e-07
   6.1865478e-07
   6.1956070e-07
   6.2044650e-07
   6.2137529e-07
   6.2227162e-07
   6.2318473e-07
   6.2410164e-07
   6.2502660e-07
   6.2594179e-07
   6.2689021e-07
   6.2782279e-07
   6.2875255e-07
   6.2968787e-07
   6.3062007e-07
   6.3158060e-07
   6.3256804e-07
   6.3350691e-07
   6.3447550e-07
   6.3541726e-07
   6.3639599e-07
   6.3736216e-07
   6.3834018e-07
   6.3932554e-07
   6.4031734e-07
   6.4128891e-07
   6.4230158e-07
   6.4329051e-07
   6.4430473e-07
   6.4528715e-07
   6.4629671e-07
   6.4731538e-07
   6.4834762e-07
   6.4937502e-07
   6.5038472e-07
   6.5142133e-07
   6.5245873e-07
   6.5349913e-07
   6.5452824e-07
   6.5559104e-07
   6.5665560e-07
   6.5770513e-07
   6.5877094e-07
   6.5982578e-07
   6.6088993e-07
   6.6196054e-07
   6.6302889e-07
   6.6413570e-07
   6.6522525e-07
   6.6632950e-07
   6.6744953e-07
   6.6854170e-07
   6.6963363e-07
   6.7075123e-07
