   1.2057263e-05
   2.7796392e-05
   1.2751666e-05
   1.0676644e-05
   8.1345101e-06
   2.5283168e-06
   2.9189682e-06
   2.1472965e-06
   1.9031522e-06
   1.1578976e-06
   1.2401279e-06
   1.0805363e-06
   7.4393782e-07
   9.0334629e-07
   8.9912085e-07
   6.6824191e-07
   6.6465322e-07
   6.4470687e-07
   5.7300911e-07
   6.1238403e-07
   5.8377092e-07
   6.3748176e-07
   5.9088797e-07
   5.6929939e-07
   6.2368135e-07
   5.4548532e-07
   5.5752859e-07
   5.5851997e-07
   5.2556059e-07
   5.1416109e-07
   5.2625802e-07
   5.2256081e-07
   5.0635800e-07
   5.0414983e-07
   5.0436235e-07
   5.0797927e-07
   5.0468156e-07
   5.0006819e-07
   4.9827536e-07
   5.0546467e-07
   4.9879288e-07
   4.9837271e-07
   4.9181212e-07
   4.9460501e-07
   4.7921751e-07
   4.8932363e-07
   4.8059366e-07
   4.8802276e-07
   4.8379925e-07
   4.8727311e-07
   4.8264340e-07
   4.7229978e-07
   4.7967253e-07
   4.7635061e-07
   4.8347775e-07
   4.7995750e-07
   4.7390678e-07
   4.7061056e-07
   4.7207188e-07
   4.7386140e-07
   4.7424960e-07
   4.7342559e-07
   4.7320787e-07
   4.7261606e-07
   4.7150613e-07
   4.7081461e-07
   4.7283164e-07
   4.7380328e-07
   4.7405600e-07
   4.7063363e-07
   4.7581032e-07
   4.6981614e-07
   4.7130871e-07
   4.7138177e-07
   4.7231136e-07
   4.7200561e-07
   4.7058704e-07
   4.6977858e-07
   4.7070994e-07
   4.7046804e-07
   4.6984149e-07
   4.7017319e-07
   4.7135711e-07
   4.7162000e-07
   4.7271977e-07
   4.7018547e-07
   4.7239678e-07
   4.7159095e-07
   4.7009898e-07
   4.6984452e-07
   4.7021507e-07
   4.7086298e-07
   4.6925419e-07
   4.7080006e-07
   4.7134601e-07
   4.7100744e-07
   4.6827321e-07
   4.6940432e-07
   4.7045779e-07
   4.7208228e-07
   4.6936935e-07
   4.6965838e-07
   4.6893498e-07
   4.7003139e-07
   4.6960130e-07
   4.6882828e-07
   4.7049102e-07
   4.6987888e-07
   4.7015067e-07
   4.7013612e-07
   4.6998302e-07
   4.7022897e-07
   4.7092600e-07
   4.7036922e-07
   4.7039700e-07
   4.7067969e-07
   4.7070060e-07
   4.7126197e-07
   4.7142066e-07
   4.7045901e-07
   4.7222935e-07
   4.7180069e-07
   4.7104770e-07
   4.7236821e-07
   4.7214312e-07
   4.7131107e-07
   4.7132983e-07
   4.7299710e-07
   4.7478762e-07
   4.7379455e-07
   4.7247900e-07
   4.7208099e-07
   4.7363678e-07
   4.7166811e-07
   4.7363625e-07
   4.7341979e-07
   4.7315333e-07
   4.7487324e-07
   4.7313175e-07
   4.7216508e-07
   4.7427293e-07
   4.7334093e-07
   4.7296153e-07
   4.7465280e-07
   4.7487767e-07
   4.7451380e-07
   4.7477227e-07
   4.7444674e-07
   4.7455747e-07
   4.7438332e-07
   4.7537042e-07
   4.7496707e-07
   4.7426841e-07
   4.7436729e-07
   4.7559261e-07
   4.7512231e-07
   4.7563189e-07
   4.7651453e-07
   4.7676312e-07
   4.7592366e-07
   4.7718148e-07
   4.7696638e-07
   4.7686678e-07
   4.7788172e-07
   4.7837932e-07
   4.7725344e-07
   4.7772216e-07
   4.7769214e-07
   4.7723415e-07
   4.7778186e-07
   4.7880897e-07
   4.7872497e-07
   4.7944069e-07
   4.7886039e-07
   4.7910948e-07
   4.8004861e-07
   4.7958213e-07
   4.8050330e-07
   4.8069204e-07
   4.8097882e-07
   4.8046551e-07
   4.8165174e-07
   4.8113961e-07
   4.8077709e-07
   4.8142990e-07
   4.8146741e-07
   4.8203613e-07
   4.8256755e-07
   4.8167867e-07
   4.8213263e-07
   4.8253299e-07
   4.8322992e-07
   4.8264125e-07
   4.8337864e-07
   4.8220478e-07
   4.8366955e-07
   4.8507090e-07
   4.8431857e-07
   4.8489501e-07
   4.8592016e-07
   4.8535550e-07
   4.8507567e-07
   4.8531630e-07
   4.8561937e-07
   4.8652428e-07
   4.8555718e-07
   4.8597939e-07
   4.8649708e-07
   4.8653202e-07
   4.8700642e-07
   4.8748619e-07
   4.8749601e-07
   4.8813930e-07
   4.8803024e-07
   4.8897936e-07
   4.8900877e-07
   4.8902712e-07
   4.8865372e-07
   4.8993302e-07
   4.8995202e-07
   4.8976000e-07
   4.9051152e-07
   4.9032367e-07
   4.9109696e-07
   4.9110612e-07
   4.9090771e-07
   4.9164082e-07
   4.9175997e-07
   4.9256444e-07
   4.9257328e-07
   4.9344806e-07
   4.9376004e-07
   4.9344843e-07
   4.9355130e-07
   4.9429214e-07
   4.9476763e-07
   4.9497549e-07
   4.9492641e-07
   4.9518879e-07
   4.9595962e-07
   4.9656127e-07
   4.9650266e-07
   4.9614404e-07
   4.9674437e-07
   4.9713604e-07
   4.9767810e-07
   4.9750270e-07
   4.9823354e-07
   4.9907870e-07
   4.9868170e-07
   4.9918787e-07
   4.9945328e-07
   5.0030180e-07
   4.9983818e-07
   5.0031235e-07
   5.0074072e-07
   5.0117620e-07
   5.0166167e-07
   5.0208097e-07
   5.0239083e-07
   5.0299370e-07
   5.0315770e-07
   5.0340548e-07
   5.0379523e-07
   5.0407158e-07
   5.0443949e-07
   5.0420390e-07
   5.0495330e-07
   5.0535154e-07
   5.0593075e-07
   5.0564884e-07
   5.0591340e-07
   5.0677505e-07
   5.0741189e-07
   5.0804700e-07
   5.0798968e-07
   5.0835993e-07
   5.0870699e-07
   5.0914357e-07
   5.0950938e-07
   5.0988039e-07
   5.1044723e-07
   5.1057513e-07
   5.1115178e-07
   5.1100136e-07
   5.1180062e-07
   5.1208478e-07
   5.1237518e-07
   5.1279281e-07
   5.1332165e-07
   5.1326926e-07
   5.1441201e-07
   5.1436773e-07
   5.1495109e-07
   5.1550155e-07
   5.1564086e-07
   5.1614869e-07
   5.1661197e-07
   5.1722517e-07
   5.1789547e-07
   5.1809061e-07
   5.1847890e-07
   5.1884081e-07
   5.1960830e-07
   5.1993904e-07
   5.2045906e-07
   5.2056896e-07
   5.2140634e-07
   5.2124872e-07
   5.2222141e-07
   5.2228527e-07
   5.2308106e-07
   5.2314327e-07
   5.2368723e-07
   5.2409286e-07
   5.2462866e-07
   5.2522166e-07
   5.2541908e-07
   5.2626262e-07
   5.2665434e-07
   5.2722400e-07
   5.2762953e-07
   5.2802781e-07
   5.2856016e-07
   5.2895154e-07
   5.2946304e-07
   5.3000084e-07
   5.3035570e-07
   5.3080133e-07
   5.3136898e-07
   5.3194726e-07
   5.3242063e-07
   5.3291249e-07
   5.3346786e-07
   5.3368683e-07
   5.3445861e-07
   5.3481238e-07
   5.3534102e-07
   5.3609205e-07
   5.3667322e-07
   5.3687057e-07
   5.3758928e-07
   5.3820576e-07
   5.3870203e-07
   5.3911845e-07
   5.3974582e-07
   5.4024143e-07
   5.4081032e-07
   5.4127125e-07
   5.4186180e-07
   5.4245849e-07
   5.4281748e-07
   5.4376306e-07
   5.4405771e-07
   5.4475113e-07
   5.4518610e-07
   5.4579268e-07
   5.4629648e-07
   5.4690556e-07
   5.4751704e-07
   5.4807802e-07
   5.4866736e-07
   5.4916307e-07
   5.4982884e-07
   5.5042103e-07
   5.5099868e-07
   5.5138244e-07
   5.5220490e-07
   5.5278668e-07
   5.5324734e-07
   5.5391052e-07
   5.5456639e-07
   5.5511654e-07
   5.5570396e-07
   5.5635130e-07
   5.5682246e-07
   5.5766367e-07
   5.5824144e-07
   5.5896168e-07
   5.5943043e-07
   5.6010477e-07
   5.6071935e-07
   5.6137569e-07
   5.6181625e-07
   5.6259760e-07
   5.6331631e-07
   5.6396501e-07
   5.6479548e-07
   5.6526070e-07
   5.6595640e-07
   5.6665456e-07
   5.6727851e-07
   5.6797086e-07
   5.6862708e-07
   5.6918929e-07
   5.6992127e-07
   5.7058583e-07
   5.7126992e-07
   5.7187402e-07
   5.7276733e-07
   5.7336731e-07
   5.7407019e-07
   5.7468627e-07
   5.7533909e-07
   5.7608427e-07
   5.7689222e-07
   5.7757911e-07
   5.7830177e-07
   5.7899031e-07
   5.7968658e-07
   5.8048782e-07
   5.8120948e-07
   5.8190070e-07
   5.8253498e-07
   5.8329543e-07
   5.8408000e-07
   5.8490976e-07
   5.8553697e-07
   5.8637212e-07
   5.8705145e-07
   5.8784887e-07
   5.8862903e-07
   5.8943848e-07
   5.9004550e-07
   5.9089234e-07
   5.9160970e-07
   5.9230804e-07
   5.9321359e-07
   5.9397642e-07
   5.9464424e-07
   5.9558870e-07
   5.9634655e-07
   5.9706974e-07
   5.9798716e-07
   5.9867048e-07
   5.9959149e-07
   6.0035848e-07
   6.0116012e-07
   6.0204372e-07
   6.0288579e-07
   6.0372307e-07
   6.0449120e-07
   6.0532141e-07
   6.0611560e-07
   6.0698226e-07
   6.0786736e-07
   6.0868735e-07
   6.0950802e-07
   6.1031671e-07
   6.1124302e-07
   6.1205787e-07
   6.1296686e-07
   6.1376376e-07
   6.1465397e-07
   6.1557884e-07
   6.1643012e-07
   6.1726678e-07
   6.1817935e-07
   6.1913390e-07
   6.1999698e-07
   6.2089821e-07
   6.2175137e-07
   6.2273088e-07
   6.2362020e-07
   6.2452848e-07
   6.2542940e-07
   6.2637550e-07
   6.2725922e-07
   6.2824674e-07
   6.2916419e-07
   6.3009923e-07
   6.3103102e-07
   6.3190682e-07
   6.3289885e-07
   6.3394573e-07
   6.3485673e-07
   6.3584738e-07
   6.3676215e-07
   6.3773226e-07
   6.3868964e-07
   6.3967484e-07
   6.4066525e-07
   6.4167480e-07
   6.4259667e-07
   6.4364243e-07
   6.4462586e-07
   6.4565128e-07
   6.4664583e-07
   6.4764657e-07
   6.4868378e-07
   6.4971165e-07
   6.5074048e-07
   6.5173592e-07
   6.5276595e-07
   6.5377991e-07
   6.5485166e-07
   6.5585043e-07
   6.5696418e-07
   6.5802339e-07
   6.5904638e-07
   6.6013539e-07
   6.6122108e-07
   6.6225703e-07
   6.6331550e-07
   6.6438793e-07
   6.6552666e-07
   6.6662803e-07
   6.6774943e-07
   6.6890580e-07
   6.6997744e-07
   6.7110272e-07
